miRNA	SC	SC.p	SC.fdr	PC	PC.p	PC.fdr	DC
hsa-let-7a-3p	-0.0592	0.3691	0.846758823529412	-0.0475	0.4714	0.814852682926829	0.1073
hsa-let-7b-5p	-0.0862	0.1905	0.74412	-0.029	0.6602	0.859476543209877	0.1107
hsa-miR-10392-5p	-0.0376	0.5688	0.880296585365854	-0.0242	0.7139	0.88000608365019	0.1065
hsa-miR-10397-3p	-0.061	0.3552	0.842168888888889	-0.059	0.3712	0.814852682926829	0.0927
hsa-miR-10400-5p	0.102	0.1215	0.661623529411765	0.2123	0.0011	0.0490285714285714	0.2323
hsa-miR-10401-5p	-0.0214	0.7456	0.962962962962963	-0.0073	0.9116	0.960875675675676	0.0974
hsa-miR-11399-3p:Novel	-0.0132	0.8411	0.968351291512915	-0.0669	0.3099	0.814852682926829	0.1182
hsa-miR-1181-3p:Novel	-0.0373	0.5715	0.880296585365854	0.0538	0.4148	0.814852682926829	0.0992
hsa-miR-1184	-0.0479	0.4676	0.880296585365854	-0.03	0.65	0.859476543209877	0.109
hsa-miR-1202	-0.089	0.1767	0.735072	0.012	0.8556	0.940504225352113	0.1408
hsa-miR-1202-3p:Novel	-0.0077	0.907	0.984998657718121	-0.0241	0.7146	0.88000608365019	0.089
hsa-miR-1203	0.026	0.6941	0.962962962962963	-0.0726	0.271	0.813577142857143	0.1058
hsa-miR-12118-3p:Novel	0.0062	0.9256	0.984998657718121	-0.0222	0.7366	0.88000608365019	0.0985
hsa-miR-12120-3p:Novel	-0.0963	0.1435	0.661623529411765	0.0306	0.6429	0.859476543209877	0.1134
hsa-miR-12121	0.0417	0.5278	0.880296585365854	0.0704	0.2858	0.814852682926829	0.1561
hsa-miR-12123	0.1282	0.0511	0.509925	0.0571	0.3866	0.814852682926829	0.1291
hsa-miR-12126-5p:Novel	-0.0869	0.1873	0.74412	-0.0459	0.4866	0.814852682926829	0.1141
hsa-miR-12127	-0.0573	0.3853	0.847233802816902	-0.0254	0.7008	0.88000608365019	0.1025
hsa-miR-12136	-0.0449	0.4966	0.880296585365854	-0.0434	0.511	0.814852682926829	0.1103
hsa-miR-12136-3p:Novel	0.0962	0.1442	0.661623529411765	0.0454	0.4916	0.814852682926829	0.1073
hsa-miR-1229-5p	0.0242	0.7144	0.962962962962963	0.0022	0.9731	0.981692903225806	0.1602
hsa-miR-1231	-0.0216	0.7429	0.962962962962963	-0.0385	0.5598	0.831162085308057	0.1156
hsa-miR-1231-3p:Novel	-0.0427	0.5172	0.880296585365854	-0.0404	0.5407	0.81892427184466	0.1163
hsa-miR-124-5p	-0.034	0.6059	0.900194285714286	0.0011	0.987	0.987	0.0907
hsa-miR-1246-3p:Novel	-0.0134	0.8392	0.968351291512915	0.1838	0.005	0.12	0.1905
hsa-miR-1260a-3p:Novel	-0.0972	0.14	0.661623529411765	-0.029	0.6604	0.859476543209877	0.1208
hsa-miR-1260b	-0.073	0.2683	0.813577142857143	-0.0827	0.2097	0.787045161290323	0.1483
hsa-miR-1267-3p:Novel	0.0616	0.3499	0.842168888888889	0.0709	0.282	0.814852682926829	0.152
hsa-miR-1272	-0.0515	0.435	0.875169811320755	-0.0603	0.3603	0.814852682926829	0.1138
hsa-miR-1272-3p:Novel	0.0724	0.272	0.813577142857143	0.1139	0.0834	0.565669565217391	0.136
hsa-miR-1275-3p:Novel	0.017	0.7967	0.968351291512915	0.0602	0.3616	0.814852682926829	0.1582
hsa-miR-128-3p	-0.0448	0.4969	0.880296585365854	0.0726	0.2708	0.813577142857143	0.1486
hsa-miR-1284	-0.1201	0.0677	0.56394	-0.0691	0.2948	0.814852682926829	0.143
hsa-miR-1285-3p	0.0289	0.661	0.937418181818182	-0.0012	0.9858	0.987	0.1143
hsa-miR-1287-5p	-0.0472	0.4743	0.880296585365854	-0.046	0.4858	0.814852682926829	0.0889
hsa-miR-1288-5p	0.0638	0.333	0.842168888888889	0.0104	0.875	0.944547945205479	0.1081
hsa-miR-1290-5p:Novel	0.0553	0.4016	0.858213698630137	0.0171	0.7953	0.902304	0.1895
hsa-miR-1291-3p:Novel	-0.192	0.0033	0.23712	-0.1196	0.069	0.53898	0.1968
hsa-miR-1293	-0.0397	0.5479	0.880296585365854	-0.0533	0.4187	0.814852682926829	0.1283
hsa-miR-1302	-0.1387	0.0347	0.509925	-0.0866	0.1885	0.78416	0.1284
hsa-miR-1306-3p	0.0232	0.7257	0.962962962962963	-0.0349	0.5972	0.846938181818182	0.0977
hsa-miR-1307-3p	0.0517	0.433	0.875169811320755	-0.0059	0.9286	0.972225503355705	0.1316
hsa-miR-1324	-0.0125	0.8501	0.968566423357664	0.0727	0.2702	0.813577142857143	0.1288
hsa-miR-137-3p	0.0254	0.7009	0.962962962962963	-0.0156	0.8136	0.909832258064516	0.1011
hsa-miR-143-3p	-0.0257	0.6972	0.962962962962963	-0.053	0.4214	0.814852682926829	0.1084
hsa-miR-1469-3p:Novel	-0.0732	0.2669	0.813577142857143	-0.0093	0.888	0.94558361774744	0.1122
hsa-miR-148a-3p	-0.064	0.3318	0.842168888888889	-0.0419	0.5249	0.814852682926829	0.1088
hsa-miR-149-3p	0.1085	0.0993	0.657	0.1976	0.0025	0.0737454545454545	0.2139
hsa-miR-151a-3p	-0.0722	0.2738	0.813577142857143	-0.047	0.4758	0.814852682926829	0.1136
hsa-miR-181b-5p	-0.0409	0.5358	0.880296585365854	-0.036	0.5856	0.84196866359447	0.1205
hsa-miR-181c-3p	0.0194	0.7686	0.968351291512915	0.0585	0.3752	0.814852682926829	0.0975
hsa-miR-182-5p	-0.0727	0.2698	0.813577142857143	-0.0334	0.6126	0.853264285714286	0.1193
hsa-miR-192-5p	-0.0646	0.327	0.842168888888889	-0.0451	0.4947	0.814852682926829	0.0992
hsa-miR-194-1-3p:Novel	-0.1004	0.1274	0.661623529411765	-0.045	0.4956	0.814852682926829	0.0912
hsa-miR-194-3p	-0.1224	0.0627	0.5486	-0.0428	0.5162	0.814852682926829	0.0916
hsa-miR-194-5p	-0.1561	0.0173	0.4732	-0.117	0.0753	0.559371428571429	0.1654
hsa-miR-197-5p	0.0518	0.4319	0.875169811320755	0.0365	0.5798	0.837488888888889	0.1053
hsa-miR-199a-3p, hsa-miR-199b-3p	-0.0989	0.1332	0.661623529411765	-0.002	0.9754	0.981692903225806	0.1513
hsa-miR-200a-3p	-0.0731	0.2676	0.813577142857143	-0.0226	0.7326	0.88000608365019	0.1205
hsa-miR-200b-3p	0.0212	0.7481	0.962962962962963	-0.0395	0.5493	0.820903349282297	0.1011
hsa-miR-200c-3p	-0.0384	0.561	0.880296585365854	-0.045	0.4951	0.814852682926829	0.1003
hsa-miR-21-5p	-0.0866	0.1888	0.74412	-0.0376	0.5685	0.833652336448598	0.1122
hsa-miR-2110	0.1114	0.0904	0.655925581395349	-0.0023	0.9716	0.981692903225806	0.1276
hsa-miR-2110-3p:Novel	0.1895	0.0038	0.23712	0.097	0.1409	0.7368	0.1986
hsa-miR-2114-5p	0.0812	0.2178	0.808971428571429	0.0069	0.917	0.963313131313131	0.09
hsa-miR-219a-5p	0.0736	0.2644	0.813577142857143	0.1931	0.0031	0.0806	0.2226
hsa-miR-2278-3p:Novel	0.0049	0.9408	0.984998657718121	-0.0287	0.664	0.859476543209877	0.0984
hsa-miR-2681-3p	-0.0375	0.5701	0.880296585365854	-0.0195	0.7673	0.888391111111111	0.0976
hsa-miR-2861	-0.0749	0.256	0.813577142857143	-0.0598	0.3648	0.814852682926829	0.1187
hsa-miR-2861-5p:Novel	0.0781	0.236	0.813577142857143	0.237	3e-04	0.026	0.2509
hsa-miR-300	0.0238	0.7185	0.962962962962963	0.0821	0.2129	0.787045161290323	0.1078
hsa-miR-3064-5p	0.0494	0.4536	0.879185185185185	-0.0195	0.768	0.888391111111111	0.1154
hsa-miR-3125	-0.0141	0.8305	0.968351291512915	0.0766	0.2452	0.788684536082474	0.135
hsa-miR-3127-5p	0.0093	0.8874	0.977087323943662	0.0497	0.4516	0.814852682926829	0.1125
hsa-miR-3136-5p	-0.0294	0.6564	0.935145205479452	0.0775	0.2394	0.788684536082474	0.1213
hsa-miR-3137	-0.139	0.0343	0.509925	-0.0794	0.2282	0.787045161290323	0.1624
hsa-miR-3137-3p:Novel	-0.1185	0.0716	0.56394	-0.1388	0.0346	0.4498	0.1606
hsa-miR-3138-5p:Novel	0.0369	0.5761	0.880296585365854	0.1005	0.1268	0.7368	0.1426
hsa-miR-3141-3p:Novel	-0.1023	0.1201	0.661623529411765	-0.0767	0.2449	0.788684536082474	0.1175
hsa-miR-3154	-0.0079	0.9043	0.984998657718121	-0.0022	0.9731	0.981692903225806	0.0858
hsa-miR-3154-5p:Novel	0.0166	0.8019	0.968351291512915	0.0637	0.3344	0.814852682926829	0.1094
hsa-miR-3155a	-0.0805	0.2218	0.813577142857143	-0.0427	0.5175	0.814852682926829	0.1356
hsa-miR-3155b	0.0107	0.8713	0.977087323943662	-0.0186	0.7776	0.893558823529412	0.0847
hsa-miR-3156-3p	0.1138	0.0837	0.621771428571429	0.1345	0.0407	0.453514285714286	0.2108
hsa-miR-3160-3p	0.0586	0.3746	0.847233802816902	-0.0292	0.6584	0.859476543209877	0.1132
hsa-miR-3168-3p:Novel	-0.1667	0.011	0.381333333333333	-0.1286	0.0504	0.471670588235294	0.1682
hsa-miR-3169	-0.0572	0.3856	0.847233802816902	-0.0399	0.5455	0.820903349282297	0.1065
hsa-miR-3170	0.0231	0.7267	0.962962962962963	0.065	0.3245	0.814852682926829	0.1776
hsa-miR-3176-5p:Novel	-0.0862	0.1908	0.74412	-0.114	0.0833	0.565669565217391	0.1513
hsa-miR-3180	-0.0382	0.5626	0.880296585365854	-0.012	0.8561	0.940504225352113	0.1119
hsa-miR-3180-3p	0.0064	0.9222	0.984998657718121	0.0233	0.7241	0.88000608365019	0.0826
hsa-miR-3180-4-3p:Novel, hsa-miR-3180-5-3p:Novel	-0.0563	0.3936	0.856386206896552	0.1253	0.0567	0.50544	0.1535
hsa-miR-3180-5p	-0.0903	0.1703	0.721816216216216	-0.0474	0.4724	0.814852682926829	0.1215
hsa-miR-3190-3p	-0.0375	0.5697	0.880296585365854	-0.0606	0.3582	0.814852682926829	0.1218
hsa-miR-3195	-0.0051	0.9379	0.984998657718121	0.1287	0.0502	0.471670588235294	0.1645
hsa-miR-320a-3p	0.0104	0.8752	0.977087323943662	0.0435	0.5097	0.814852682926829	0.1246
hsa-miR-320c	-0.0144	0.8268	0.968351291512915	0.0253	0.7013	0.88000608365019	0.0877
hsa-miR-320d-1-5p:Novel	-0.0441	0.504	0.880296585365854	0.0447	0.4978	0.814852682926829	0.1521
hsa-miR-320e-5p:Novel	0.0135	0.8378	0.968351291512915	-0.0421	0.5238	0.814852682926829	0.0971
hsa-miR-323a-5p	-0.0679	0.3033	0.829708474576271	-0.12	0.0682	0.53898	0.156
hsa-miR-3619-3p	-0.0144	0.8275	0.968351291512915	0.0231	0.7266	0.88000608365019	0.1807
hsa-miR-3621-3p:Novel	-0.0395	0.5492	0.880296585365854	-0.0153	0.8166	0.909925714285714	0.1014
hsa-miR-3622a-5p	-0.0843	0.2007	0.773066666666667	-0.1195	0.0691	0.53898	0.1627
hsa-miR-3648	0.108	0.1009	0.657	0.1353	0.0394	0.453514285714286	0.2121
hsa-miR-3648-3p:Novel	-0.0315	0.6327	0.9152	-0.0355	0.5909	0.845691743119266	0.1147
hsa-miR-3652-3p:Novel	-0.0577	0.382	0.847233802816902	-0.0659	0.3174	0.814852682926829	0.0979
hsa-miR-3665-3p:Novel	0.1442	0.028	0.509925	0.1663	0.0112	0.199333333333333	0.2343
hsa-miR-3668-3p:Novel	0.0378	0.5667	0.880296585365854	0.0033	0.9599	0.981692903225806	0.0886
hsa-miR-3689d-3p:Novel	0.0124	0.8506	0.968566423357664	-0.018	0.7852	0.897371428571428	0.0962
hsa-miR-3714-3p:Novel	-0.1276	0.0523	0.509925	0.0055	0.9332	0.973773913043478	0.1267
hsa-miR-371a-3p	-0.0212	0.7478	0.962962962962963	0.0691	0.2946	0.814852682926829	0.1122
hsa-miR-371a-5p	-0.0598	0.3644	0.842168888888889	-0.1514	0.021	0.288939130434783	0.1845
hsa-miR-378h	-0.0724	0.272	0.813577142857143	-0.0786	0.2328	0.787045161290323	0.1316
hsa-miR-378i	-0.0767	0.2446	0.813577142857143	-0.0789	0.231	0.787045161290323	0.1471
hsa-miR-3907-5p:Novel	-0.0634	0.336	0.842168888888889	-0.0539	0.4141	0.814852682926829	0.1019
hsa-miR-3911-3p:Novel	-0.0394	0.5506	0.880296585365854	-0.0975	0.1385	0.7368	0.123
hsa-miR-3916-3p:Novel	0.0055	0.934	0.984998657718121	0.2487	1e-04	0.026	0.1577
hsa-miR-3920	-0.082	0.2134	0.802178313253012	-0.0439	0.5054	0.814852682926829	0.1168
hsa-miR-3935	0.0332	0.6149	0.904947169811321	0.0249	0.706	0.88000608365019	0.1132
hsa-miR-3960	0.1305	0.0472	0.509925	0.1364	0.0379	0.453514285714286	0.2117
hsa-miR-3960-5p:Novel	0.0786	0.233	0.813577142857143	0.1671	0.0108	0.199333333333333	0.2159
hsa-miR-3972	-0.0367	0.5784	0.880296585365854	-0.0654	0.3214	0.814852682926829	0.115
hsa-miR-3976	-2e-04	0.9978	0.9978	-0.1198	0.0685	0.53898	0.1306
hsa-miR-422a	-0.0558	0.398	0.856386206896552	-0.0571	0.3867	0.814852682926829	0.1314
hsa-miR-425-3p	-0.2338	3e-04	0.078	-0.1511	0.0213	0.288939130434783	0.2269
hsa-miR-4254	0.0605	0.3587	0.842168888888889	0.0107	0.8708	0.944547945205479	0.102
hsa-miR-4254-5p:Novel	-0.0097	0.8834	0.977087323943662	-0.0834	0.2059	0.787045161290323	0.1094
hsa-miR-4258-3p:Novel	0.076	0.2492	0.813577142857143	0.1675	0.0106	0.199333333333333	0.2245
hsa-miR-4259	-0.0494	0.4539	0.879185185185185	-0.0439	0.5055	0.814852682926829	0.1092
hsa-miR-4259-5p:Novel	0.0013	0.9842	0.996981818181818	-0.0417	0.5273	0.814852682926829	0.09
hsa-miR-4276-3p:Novel	-0.075	0.2553	0.813577142857143	-0.05	0.4483	0.814852682926829	0.0989
hsa-miR-4277	-0.1318	0.0449	0.509925	-0.0767	0.2443	0.788684536082474	0.1467
hsa-miR-4281	0.0317	0.6308	0.9152	-0.031	0.6383	0.859476543209877	0.1034
hsa-miR-4283	-0.0548	0.4057	0.858632432432432	-0.0957	0.1462	0.7368	0.1226
hsa-miR-4284-3p:Novel	-0.1348	0.0402	0.509925	-0.1152	0.08	0.565669565217391	0.185
hsa-miR-4286-3p:Novel	0.0709	0.2824	0.8268	0.0246	0.7097	0.88000608365019	0.1486
hsa-miR-4290	-0.0041	0.9504	0.988170491803279	-0.0807	0.2205	0.787045161290323	0.101
hsa-miR-4306-5p:Novel	-0.0525	0.4258	0.875169811320755	0.0461	0.4851	0.814852682926829	0.1184
hsa-miR-4309	0.0345	0.6011	0.897335885167464	0.0373	0.5718	0.833652336448598	0.1435
hsa-miR-4309-3p:Novel	0.0282	0.6692	0.944752941176471	0.1031	0.1174	0.7176	0.1612
hsa-miR-4311	-0.0655	0.3209	0.841351260504202	-0.0632	0.3377	0.814852682926829	0.1042
hsa-miR-4313	-0.0174	0.7919	0.968351291512915	0.0783	0.2346	0.787045161290323	0.1128
hsa-miR-4313-3p:Novel	-0.1084	0.0996	0.657	-0.0342	0.6041	0.852053811659193	0.112
hsa-miR-4326	-0.1362	0.0382	0.509925	-0.0726	0.2708	0.813577142857143	0.1593
hsa-miR-4326-5p:Novel	-0.0163	0.8054	0.968351291512915	0.1334	0.0424	0.456165517241379	0.1756
hsa-miR-4327-3p:Novel	0.0266	0.6873	0.962962962962963	0.0217	0.7418	0.88000608365019	0.1259
hsa-miR-4418	-0.0408	0.5368	0.880296585365854	0.0721	0.2738	0.813577142857143	0.1267
hsa-miR-4431	0.0993	0.1315	0.661623529411765	0.0724	0.272	0.813577142857143	0.102
hsa-miR-4437	0.0404	0.5399	0.880296585365854	0.0532	0.4197	0.814852682926829	0.1186
hsa-miR-4441	-0.0476	0.4706	0.880296585365854	0.0313	0.6357	0.859476543209877	0.1086
hsa-miR-4449	0.1008	0.1256	0.661623529411765	0.2275	5e-04	0.026	0.2628
hsa-miR-4451-5p:Novel	0.0522	0.4285	0.875169811320755	0.016	0.8087	0.908952517985611	0.144
hsa-miR-4453-3p:Novel	-0.1006	0.1266	0.661623529411765	-0.0349	0.5967	0.846938181818182	0.1044
hsa-miR-4466-3p:Novel	-0.0909	0.1677	0.721816216216216	0.0185	0.779	0.893558823529412	0.1137
hsa-miR-4472	-0.0156	0.8128	0.968351291512915	-0.0438	0.5064	0.814852682926829	0.0891
hsa-miR-4487	-0.021	0.75	0.962962962962963	-0.079	0.2304	0.787045161290323	0.1296
hsa-miR-4488-3p:Novel	0.1238	0.0596	0.547835294117647	0.228	5e-04	0.026	0.2631
hsa-miR-4489	-0.0444	0.5006	0.880296585365854	-0.0679	0.3033	0.814852682926829	0.1327
hsa-miR-4492-5p:Novel	0.1322	0.0442	0.509925	0.0471	0.4749	0.814852682926829	0.1641
hsa-miR-4494	-0.0867	0.1881	0.74412	-0.0953	0.1477	0.7368	0.1333
hsa-miR-4497	-0.032	0.6276	0.9152	0.0954	0.1477	0.7368	0.1481
hsa-miR-4497-3p:Novel	0.0183	0.7811	0.968351291512915	0.0395	0.5499	0.820903349282297	0.1071
hsa-miR-4505	0.0664	0.3138	0.829708474576271	-0.0367	0.5778	0.837488888888889	0.089
hsa-miR-4508-3p:Novel	0.2285	5e-04	0.078	0.1971	0.0026	0.0737454545454545	0.3074
hsa-miR-4513-3p:Novel	-2e-04	0.9975	0.9978	-0.0339	0.6076	0.852053811659193	0.0956
hsa-miR-4516-3p:Novel	0.1687	0.0101	0.381333333333333	0.1361	0.0384	0.453514285714286	0.2363
hsa-miR-4520-3p	-0.0775	0.2397	0.813577142857143	-0.0418	0.5262	0.814852682926829	0.1198
hsa-miR-4528-5p:Novel	-0.0416	0.5279	0.880296585365854	0.0447	0.4983	0.814852682926829	0.0976
hsa-miR-4534	0.0436	0.5086	0.880296585365854	-0.0432	0.5125	0.814852682926829	0.0829
hsa-miR-4632-5p	-0.129	0.0497	0.509925	0.0899	0.1722	0.75670985915493	0.1457
hsa-miR-4634	0.106	0.1072	0.657	0.0924	0.1608	0.746505882352941	0.1419
hsa-miR-4654	0.0687	0.2973	0.829708474576271	0.0027	0.9678	0.981692903225806	0.1391
hsa-miR-4655-5p	0.0076	0.9084	0.984998657718121	0.0102	0.8767	0.944547945205479	0.0871
hsa-miR-4674	-0.0638	0.3334	0.842168888888889	-0.0338	0.609	0.852053811659193	0.0962
hsa-miR-4674-5p:Novel	-0.1746	0.0077	0.381333333333333	-0.1026	0.119	0.7176	0.1833
hsa-miR-4675	0.0628	0.3407	0.842168888888889	0.1322	0.0443	0.46072	0.1465
hsa-miR-4682-3p:Novel	-0.0061	0.9263	0.984998657718121	0.1221	0.0634	0.53898	0.1433
hsa-miR-4683	-0.1182	0.0723	0.56394	-0.029	0.6605	0.859476543209877	0.1098
hsa-miR-4693-3p	-0.0505	0.4443	0.875169811320755	-0.0123	0.8525	0.940504225352113	0.1307
hsa-miR-4695-5p	-0.0468	0.4782	0.880296585365854	-0.0219	0.7402	0.88000608365019	0.0883
hsa-miR-4698	-0.0406	0.5384	0.880296585365854	-0.0518	0.4324	0.814852682926829	0.117
hsa-miR-4700-5p	-0.0703	0.2862	0.8268	-0.0206	0.7555	0.888391111111111	0.0977
hsa-miR-4713-3p	-0.0308	0.6407	0.916965137614679	-0.0943	0.1523	0.7368	0.1172
hsa-miR-4725-5p	-0.0491	0.4565	0.879185185185185	-0.1104	0.0934	0.6071	0.1529
hsa-miR-4739-3p:Novel	-0.0901	0.1712	0.721816216216216	-0.0251	0.7039	0.88000608365019	0.1192
hsa-miR-4754-3p:Novel	-0.0583	0.3763	0.847233802816902	-0.0328	0.619	0.858346666666667	0.111
hsa-miR-4758-5p	0.0217	0.7422	0.962962962962963	0.0514	0.4357	0.814852682926829	0.1037
hsa-miR-4767	-0.1935	0.0031	0.23712	-0.0449	0.4957	0.814852682926829	0.162
hsa-miR-4787-5p	-0.017	0.7963	0.968351291512915	0.057	0.3873	0.814852682926829	0.1387
hsa-miR-484-3p:Novel	-0.0156	0.8131	0.968351291512915	0.0383	0.5621	0.831162085308057	0.1135
hsa-miR-5001-5p	-0.062	0.3472	0.842168888888889	-0.0159	0.8099	0.908952517985611	0.1022
hsa-miR-5006-5p	-0.0053	0.9365	0.984998657718121	-0.0409	0.5352	0.814852682926829	0.086
hsa-miR-501-3p	0.0154	0.8154	0.968351291512915	-0.0892	0.1757	0.761366666666667	0.1464
hsa-miR-504-5p	-0.0511	0.4384	0.875169811320755	-0.1528	0.0199	0.288939130434783	0.1916
hsa-miR-5091	-0.0998	0.1297	0.661623529411765	-0.091	0.167	0.752365714285714	0.149
hsa-miR-5091-3p:Novel	-0.0189	0.7749	0.968351291512915	-0.0609	0.3557	0.814852682926829	0.0714
hsa-miR-5100	-0.0614	0.3517	0.842168888888889	0.0589	0.3719	0.814852682926829	0.1483
hsa-miR-5189-3p	-0.0357	0.5887	0.887315942028986	0.0678	0.3038	0.814852682926829	0.1268
hsa-miR-5191	0.0223	0.7349	0.962962962962963	0.0783	0.2346	0.787045161290323	0.1424
hsa-miR-5193	-0.0707	0.2838	0.8268	0.023	0.7276	0.88000608365019	0.129
hsa-miR-5193-5p:Novel	-0.0421	0.5235	0.880296585365854	0.1143	0.0822	0.565669565217391	0.1253
hsa-miR-548aa, hsa-miR-548t-3p	-0.0181	0.7835	0.968351291512915	-0.0223	0.7352	0.88000608365019	0.1001
hsa-miR-548d-5p	-0.026	0.6935	0.962962962962963	-0.0081	0.9018	0.957012244897959	0.0984
hsa-miR-548i	0.0054	0.9344	0.984998657718121	-0.0492	0.4557	0.814852682926829	0.111
hsa-miR-550a-3-5p	-0.1286	0.0504	0.509925	-0.087	0.1867	0.78416	0.1171
hsa-miR-550a-3p	-0.1288	0.0501	0.509925	-0.1025	0.1196	0.7176	0.1442
hsa-miR-550b-3p	-0.1005	0.127	0.661623529411765	-0.092	0.1627	0.746505882352941	0.1185
hsa-miR-551a	-0.0623	0.3449	0.842168888888889	-0.0985	0.1348	0.7368	0.1395
hsa-miR-5691-3p:Novel	-0.0511	0.4383	0.875169811320755	-0.0554	0.4007	0.814852682926829	0.1175
hsa-miR-5698	0.0058	0.93	0.984998657718121	0.0409	0.5354	0.814852682926829	0.1109
hsa-miR-5706-3p:Novel	0.036	0.5855	0.886776699029126	0.0531	0.4211	0.814852682926829	0.093
hsa-miR-572	-0.1069	0.1042	0.657	-0.0602	0.3611	0.814852682926829	0.1105
hsa-miR-584-5p	0.0914	0.1654	0.721816216216216	0.0315	0.6333	0.859476543209877	0.0969
hsa-miR-595-5p:Novel	-0.0761	0.248	0.813577142857143	-0.069	0.2956	0.814852682926829	0.1312
hsa-miR-598-5p	0.0433	0.512	0.880296585365854	0.0907	0.1688	0.752365714285714	0.1762
hsa-miR-599	-0.06	0.3629	0.842168888888889	-0.047	0.4758	0.814852682926829	0.112
hsa-miR-6068-3p:Novel	0.0207	0.7542	0.964386885245902	-0.0554	0.4007	0.814852682926829	0.1079
hsa-miR-6069-3p:Novel	0.0931	0.1577	0.711805714285714	0.0785	0.2336	0.787045161290323	0.1365
hsa-miR-607	-0.0315	0.6336	0.9152	-0.0284	0.6675	0.859476543209877	0.1054
hsa-miR-607-5p:Novel	-0.0381	0.5637	0.880296585365854	-0.0625	0.343	0.814852682926829	0.115
hsa-miR-6070-3p:Novel	-0.1496	0.0226	0.509925	-0.0213	0.7465	0.882227272727273	0.1217
hsa-miR-6071	-0.0413	0.5318	0.880296585365854	0.0375	0.5698	0.833652336448598	0.1052
hsa-miR-6075	0.0192	0.7707	0.968351291512915	-0.0267	0.6862	0.875510204081633	0.097
hsa-miR-608-3p:Novel	-0.1349	0.0401	0.509925	-0.0533	0.419	0.814852682926829	0.1722
hsa-miR-6081	-0.1182	0.0723	0.56394	-0.0948	0.1501	0.7368	0.1274
hsa-miR-6083	0.0367	0.578	0.880296585365854	-0.0481	0.4663	0.814852682926829	0.1105
hsa-miR-6084-5p:Novel	-0.0826	0.2101	0.79940487804878	-0.0612	0.3531	0.814852682926829	0.1092
hsa-miR-6085	-0.0016	0.9801	0.996062540716612	0.0755	0.2518	0.801648979591837	0.1373
hsa-miR-6089	-0.0018	0.9784	0.996062540716612	0.085	0.1972	0.787045161290323	0.1281
hsa-miR-6124-3p:Novel	0.0396	0.5486	0.880296585365854	0.0476	0.4708	0.814852682926829	0.1386
hsa-miR-6125	0.0427	0.5173	0.880296585365854	0.01	0.8791	0.944547945205479	0.1267
hsa-miR-6125-5p:Novel	0.0422	0.5223	0.880296585365854	0.0413	0.5312	0.814852682926829	0.0997
hsa-miR-6126-3p:Novel	-0.0036	0.9566	0.988170491803279	-0.0114	0.8628	0.944538947368421	0.1221
hsa-miR-6127	-0.0109	0.8683	0.977087323943662	0.1173	0.0746	0.559371428571429	0.1504
hsa-miR-6127-3p:Novel	0.0308	0.6404	0.916965137614679	0.0696	0.2914	0.814852682926829	0.1382
hsa-miR-6130	-0.0674	0.3063	0.829708474576271	-0.0799	0.2257	0.787045161290323	0.1201
hsa-miR-6131	6e-04	0.993	0.9978	-0.0468	0.4786	0.814852682926829	0.095
hsa-miR-6131-5p:Novel	5e-04	0.9939	0.9978	-0.0417	0.5275	0.814852682926829	0.0875
hsa-miR-6165-3p:Novel	-0.0964	0.1432	0.661623529411765	-0.1281	0.0514	0.471670588235294	0.1671
hsa-miR-617-3p:Novel	0.0222	0.7364	0.962962962962963	-0.0219	0.7405	0.88000608365019	0.0776
hsa-miR-622	-0.0332	0.6144	0.904947169811321	-0.0515	0.4346	0.814852682926829	0.0948
hsa-miR-636	0.1435	0.0289	0.509925	0.2363	3e-04	0.026	0.2679
hsa-miR-638	-0.1366	0.0376	0.509925	-0.0658	0.3187	0.814852682926829	0.1032
hsa-miR-638-3p:Novel	-0.0624	0.3441	0.842168888888889	0.0175	0.7909	0.900586861313869	0.1021
hsa-miR-639	0.1301	0.0478	0.509925	0.156	0.0174	0.27144	0.2518
hsa-miR-641-3p:Novel	0.1719	0.0087	0.381333333333333	0.2298	4e-04	0.026	0.2751
hsa-miR-645	-0.1221	0.0633	0.5486	-0.0605	0.3587	0.814852682926829	0.0898
hsa-miR-646	-0.1353	0.0395	0.509925	-0.0096	0.884	0.944547945205479	0.1089
hsa-miR-647-3p:Novel	0.0183	0.7818	0.968351291512915	-0.0239	0.7176	0.88000608365019	0.1064
hsa-miR-650	0.0692	0.2939	0.829708474576271	0.0744	0.2588	0.813577142857143	0.1209
hsa-miR-6509-5p	-0.0374	0.5713	0.880296585365854	-0.0701	0.2873	0.814852682926829	0.1107
hsa-miR-6511a-3p	-0.0757	0.2507	0.813577142857143	-0.0429	0.5158	0.814852682926829	0.0908
hsa-miR-655-5p	0.0558	0.3975	0.856386206896552	0.0529	0.4225	0.814852682926829	0.1181
hsa-miR-657-5p:Novel	0.0692	0.294	0.829708474576271	0.0475	0.472	0.814852682926829	0.1191
hsa-miR-663a-3p:Novel	0.0058	0.9302	0.984998657718121	-0.0981	0.1364	0.7368	0.1284
hsa-miR-6717-3p:Novel	0.0092	0.8894	0.977087323943662	-0.0584	0.3759	0.814852682926829	0.0906
hsa-miR-6717-5p	-0.0508	0.4408	0.875169811320755	-0.0653	0.3223	0.814852682926829	0.1093
hsa-miR-6721-3p:Novel	-0.0098	0.8825	0.977087323943662	-0.0524	0.4274	0.814852682926829	0.1006
hsa-miR-6724-3p:Novel	-0.0374	0.5711	0.880296585365854	0.0025	0.9703	0.981692903225806	0.0989
hsa-miR-6724-5p	-0.1238	0.0597	0.547835294117647	-0.0829	0.2085	0.787045161290323	0.1513
hsa-miR-6728-5p	-0.1602	0.0146	0.45552	-0.0648	0.3254	0.814852682926829	0.1365
hsa-miR-6731-5p	0.0581	0.3782	0.847233802816902	-0.0098	0.8818	0.944547945205479	0.1114
hsa-miR-6738-5p	0.0033	0.9606	0.988170491803279	0.0194	0.7687	0.888391111111111	0.1073
hsa-miR-6745-5p:Novel	0.023	0.7273	0.962962962962963	0.1283	0.051	0.471670588235294	0.154
hsa-miR-6756-5p	0.1053	0.1095	0.657	0.053	0.4218	0.814852682926829	0.1456
hsa-miR-6757-5p	0.0411	0.5332	0.880296585365854	-0.094	0.1535	0.7368	0.1206
hsa-miR-6760-5p	-0.1057	0.1082	0.657	0.0282	0.6694	0.859476543209877	0.1373
hsa-miR-6768-5p	-0.0116	0.8603	0.975678260869565	0.0437	0.5073	0.814852682926829	0.135
hsa-miR-6772-5p	-0.0063	0.9234	0.984998657718121	-0.0459	0.4869	0.814852682926829	0.0801
hsa-miR-6773-5p	-0.0134	0.8393	0.968351291512915	-0.0285	0.6662	0.859476543209877	0.124
hsa-miR-6777-5p	-0.0141	0.8309	0.968351291512915	-0.0969	0.1411	0.7368	0.1146
hsa-miR-6778-5p	-0.0377	0.5676	0.880296585365854	0.0235	0.7223	0.88000608365019	0.1467
hsa-miR-6787-5p	0.0682	0.3013	0.829708474576271	0.0876	0.1837	0.78416	0.1227
hsa-miR-6788-3p	-0.015	0.8199	0.968351291512915	-0.0198	0.7644	0.888391111111111	0.0969
hsa-miR-6790-5p	-0.0038	0.9543	0.988170491803279	-0.041	0.5347	0.814852682926829	0.0872
hsa-miR-6802-5p	-0.0667	0.3115	0.829708474576271	-0.0163	0.8047	0.908952517985611	0.1182
hsa-miR-6805-5p	-0.0038	0.9542	0.988170491803279	-0.0828	0.209	0.787045161290323	0.1051
hsa-miR-6838-5p	-0.0441	0.5038	0.880296585365854	-0.112	0.0887	0.588817021276596	0.1292
hsa-miR-6849-5p	-0.0547	0.4073	0.858632432432432	-0.0523	0.4277	0.814852682926829	0.0836
hsa-miR-6867-5p	-0.0168	0.7987	0.968351291512915	-0.061	0.3553	0.814852682926829	0.1116
hsa-miR-6869-5p	-0.1073	0.103	0.657	-0.161	0.0141	0.231536842105263	0.1896
hsa-miR-6871-5p	0.0599	0.3636	0.842168888888889	0.004	0.9518	0.981692903225806	0.1025
hsa-miR-6879-5p	-0.0102	0.8774	0.977087323943662	-0.0194	0.7688	0.888391111111111	0.1032
hsa-miR-6895-3p	-0.0223	0.7353	0.962962962962963	-0.0632	0.3377	0.814852682926829	0.1262
hsa-miR-7108-5p	0.1367	0.0375	0.509925	0.1973	0.0025	0.0737454545454545	0.2463
hsa-miR-711	-0.1549	0.0182	0.4732	-0.1045	0.1123	0.71505306122449	0.1622
hsa-miR-7113-5p	-0.1174	0.0743	0.56540487804878	-0.0447	0.4978	0.814852682926829	0.0795
hsa-miR-7161-3p	0.0139	0.8331	0.968351291512915	0.0568	0.3887	0.814852682926829	0.1118
hsa-miR-718	0.0114	0.8631	0.975678260869565	0.0998	0.1297	0.7368	0.1116
hsa-miR-7515-5p:Novel	0.0028	0.966	0.988170491803279	-0.0145	0.8262	0.917346619217082	0.1091
hsa-miR-760	-0.073	0.2678	0.813577142857143	-0.0033	0.9602	0.981692903225806	0.1144
hsa-miR-765-5p:Novel	0.0668	0.311	0.829708474576271	0.0816	0.2158	0.787045161290323	0.1447
hsa-miR-7704-3p:Novel	0.035	0.5958	0.8937	0.0295	0.6553	0.859476543209877	0.1097
hsa-miR-7845-3p:Novel	-0.0743	0.2594	0.813577142857143	-0.0319	0.6293	0.859476543209877	0.0951
hsa-miR-7851-5p:Novel	-0.0503	0.446	0.875169811320755	-0.0925	0.1601	0.746505882352941	0.1203
hsa-miR-8057-3p:Novel	-0.0993	0.1316	0.661623529411765	-0.0578	0.3811	0.814852682926829	0.11
hsa-miR-8072	0.0972	0.14	0.661623529411765	0.1657	0.0115	0.199333333333333	0.1919
hsa-miR-8072-3p:Novel	-0.0926	0.1597	0.711805714285714	0.0265	0.6875	0.875510204081633	0.1201
hsa-miR-8079-3p:Novel	-0.0424	0.521	0.880296585365854	-0.0856	0.1938	0.787045161290323	0.122
hsa-miR-8080	-0.024	0.7157	0.962962962962963	-0.0411	0.5338	0.814852682926829	0.096
hsa-miR-8083-3p:Novel	-0.0763	0.2471	0.813577142857143	0.1667	0.011	0.199333333333333	0.1874
hsa-miR-922	-0.0243	0.7124	0.962962962962963	-0.0043	0.9481	0.981692903225806	0.0932
hsa-miR-922-5p:Novel	-0.0128	0.846	0.968566423357664	-0.0432	0.5122	0.814852682926829	0.0838
hsa-miR-92a-3p	-0.0416	0.5286	0.880296585365854	0.0313	0.6354	0.859476543209877	0.1153
hsa-miR-92b-5p	-0.0158	0.811	0.968351291512915	0.0105	0.8733	0.944547945205479	0.1127
hsa-miR-935	0.107	0.104	0.657	0.2106	0.0013	0.0507	0.231
hsa-miR-935-5p:Novel	0.025	0.7053	0.962962962962963	0.0541	0.4123	0.814852682926829	0.142
hsa-miR-940	0.0515	0.4346	0.875169811320755	-0.0293	0.6572	0.859476543209877	0.102
hsa-miR-943-5p:Novel	0.0671	0.3086	0.829708474576271	0.0852	0.1959	0.787045161290323	0.1402
hsa-miR-944-5p:Novel	0.0133	0.8405	0.968351291512915	0.0039	0.9533	0.981692903225806	0.1019
hsa-miR-9901	-0.003	0.964	0.988170491803279	0.0283	0.6684	0.859476543209877	0.1379
hsa-miR-9901-3p:Novel	-0.0983	0.1354	0.661623529411765	-0.0074	0.9106	0.960875675675676	0.1078
