miRNA baseMean log2FoldChange lfcSE stat pvalue padj comparison
hsa-miR-324-5p 53.9522081325651 1.94343177042621 0.390884995198816 4.97187611266 6.63080745728342e-07 0.000218052196334279 M_F
hsa-miR-4418 46.8611701838935 -1.4387033066344 0.289570886047887 -4.96839763924497 6.75084199177335e-07 0.000218052196334279 M_F
hsa-miR-324-3p 46.5698636459726 1.76486060122958 0.38086071006997 4.63387415547628 3.58885210938467e-06 0.000772799487554166 M_F
hsa-miR-4530-5p:Novel 19.1632544728542 1.54120693855802 0.348773104737224 4.41893860972799 9.91868146056084e-06 0.00160186705588058 M_F
hsa-miR-3141-3p:Novel 23.2105939279805 -0.723149687414792 0.172969455636001 -4.18079414516166 2.90492763277229e-05 0.0037531665015418 M_F
hsa-miR-1255b-5p 25.9382535611969 1.23523724006879 0.29932080456219 4.12680048042615 3.67845271823903e-05 0.00396046742663736 M_F
hsa-miR-200c-3p 139.886327089005 -1.4174619697374 0.360364804482754 -3.93340845749888 8.37497431186571e-05 0.00772890486495035 M_F
hsa-miR-6076-3p:Novel 18.5853944846062 -0.793816269577518 0.204485960293477 -3.88200866425371 0.000103597185338239 0.00836547271606283 M_F
hsa-let-7g-5p 273.846515395145 -1.50355109548403 0.397151851134905 -3.78583428778556 0.00015319374102622 0.00876429330439958 M_F
hsa-miR-3935 38.2069900267079 0.875023182445688 0.23180449556076 3.77483266805897 0.00016011510503172 0.00876429330439958 M_F
hsa-miR-6791-5p 18.0183750284035 1.11032758779937 0.292498681941238 3.79600885867386 0.000147044245990217 0.00876429330439958 M_F
hsa-miR-21-5p 257.751031179297 -1.20721099569208 0.326782463419087 -3.69423433271531 0.000220550343781458 0.00953629779786519 M_F
hsa-miR-30d-5p 41.97272113038 -1.24328637324467 0.337874482310254 -3.67972853334043 0.000233482369140127 0.00953629779786519 M_F
hsa-miR-615-5p 44.2633170474996 1.28742127060867 0.345580731755195 3.72538498911642 0.000195017354259491 0.00953629779786519 M_F
hsa-miR-650-3p:Novel 17.9533595921244 -1.27644716338289 0.347164060149857 -3.67678371670126 0.000236193134312451 0.00953629779786519 M_F
hsa-miR-148a-3p 180.753182309173 -1.24395869689269 0.343849829116911 -3.6177383018845 0.000297188661991575 0.0106657708692532 M_F
hsa-miR-194-3p 107.618341476547 -0.948333590827173 0.26143661013682 -3.62739399937474 0.000286296249812649 0.0106657708692532 M_F
hsa-miR-192-5p 889.924556097241 -1.20690927235093 0.343049467874277 -3.51817852926462 0.000434519928217838 0.0140349936814362 M_F
hsa-miR-4698 55.8879861140808 -0.895023201616553 0.259591986582419 -3.44780751285783 0.000565156649255236 0.0173852950199468 M_F
hsa-miR-375-3p 94.3686740249368 -1.14740361214322 0.334521946563389 -3.42998007733341 0.000603625567894759 0.0177246416754552 M_F
hsa-miR-1202-3p:Novel 22.1673859286322 -0.758453963895445 0.222274592891432 -3.41223868202474 0.000644316702053837 0.0180968951968165 M_F
hsa-miR-6855-5p 18.643989201168 -1.15514321457042 0.34308440627741 -3.36693593015242 0.000760083450594311 0.019640556363357 M_F
hsa-miR-6806-3p 15.1927128442862 1.22493281007869 0.365976171922129 3.34702886159302 0.000816827055166663 0.0202950106783717 M_F
hsa-miR-6131-5p:Novel 94.1409405671681 -0.900790468436224 0.27598529116382 -3.26390752433806 0.00109887025615915 0.0248123020144482 M_F
hsa-miR-6832-5p 23.6857446257279 0.962247622588712 0.296036299120115 3.2504379545641 0.00115227408735828 0.0248123020144482 M_F
hsa-miR-27b-3p 16.4210656925546 -1.30303038319652 0.410440141279866 -3.17471478090157 0.0014998384626759 0.028496930790842 M_F
hsa-miR-2114-5p 40.1513662619821 0.91618485385625 0.290086929435738 3.15831139182439 0.00158685955471802 0.0292888934956526 M_F
hsa-let-7b-5p 243.714667652272 -1.10734239073951 0.356923903029363 -3.10246072437578 0.00191919012586809 0.0335080221975888 M_F
hsa-miR-137-3p 75.3455881765401 -0.790745103093122 0.256950152319131 -3.07742609201111 0.00208796608531617 0.0354954234503749 M_F
hsa-miR-10a-5p 47.6613716907606 -1.05657838718024 0.345022692191525 -3.06234462570863 0.0021961045293733 0.0363765006660295 M_F
hsa-miR-26b-5p 32.131030360256 -1.31976313647519 0.435488662859418 -3.03053385548461 0.00244121816605417 0.0394256733817749 M_F
hsa-let-7i-5p 297.356338553855 -1.15121910183378 0.383114410475472 -3.0048963713086 0.00265671348234927 0.0405005958483518 M_F
hsa-miR-2110 189.087799448586 0.929235035832351 0.308229520353642 3.01475028986908 0.00257190907709752 0.0405005958483518 M_F
hsa-miR-27a-3p 20.5964560995708 -0.994598156699978 0.332826257357653 -2.98834041699777 0.00280496940276278 0.0405005958483518 M_F
hsa-miR-3155a 16.3669856242592 -0.637073161398479 0.216096746259791 -2.94809233560876 0.00319741546171199 0.0405005958483518 M_F
hsa-miR-320e-5p:Novel 692.126766611811 0.489263282381515 0.164453141658328 2.97509234209719 0.00292900363531626 0.0405005958483518 M_F
hsa-miR-378a-3p 108.684532634795 -0.999275073351164 0.336959798770626 -2.96556169904229 0.00302130735318621 0.0405005958483518 M_F
hsa-miR-4324-5p:Novel 17.9026334200929 1.11877704715499 0.378078497919748 2.95911312944451 0.00308525816734057 0.0405005958483518 M_F
hsa-miR-4632-5p 65.3058257716871 -0.728962795547299 0.247178141751694 -2.94913939550362 0.00318660209904894 0.0405005958483518 M_F
hsa-miR-486-5p 64.19554397136 -1.23816804371315 0.418717855265864 -2.95704620221408 0.00310601573166333 0.0405005958483518 M_F
hsa-miR-557 17.6072818520033 0.807456130955389 0.270650432496396 2.98339124570267 0.00285073326615353 0.0405005958483518 M_F
hsa-miR-663b-5p:Novel 15.5477223607901 -0.801634263266464 0.272555483167852 -2.94117826561127 0.0032696630642912 0.040619275760233 M_F
hsa-miR-378i 91.8539205194276 -0.993329339829678 0.345999284045318 -2.87089998631203 0.00409305002707203 0.0433460707785005 M_F
hsa-miR-6081 162.051250499597 -0.737399035683639 0.255007353644501 -2.89167753456877 0.00383191025324388 0.0433460707785005 M_F
hsa-miR-6757-5p 55.4298055675133 0.841632676393929 0.289924020081102 2.90294221278559 0.00369674842637792 0.0433460707785005 M_F
hsa-miR-6884-5p 15.3153577061258 0.778144702938248 0.271041603935706 2.87094192049879 0.00409250710175449 0.0433460707785005 M_F
hsa-miR-890-3p:Novel 26.8023752194643 0.991899844349585 0.344487291124774 2.87935105272234 0.00398494482902001 0.0433460707785005 M_F
hsa-miR-922-5p:Novel 70.6346701620245 0.539959223004362 0.186992916543077 2.88759185634699 0.00388203237405388 0.0433460707785005 M_F
hsa-miR-3138-5p:Novel 289.698860657448 0.691715986479103 0.24181865445751 2.86047405247078 0.00423008167216916 0.0440747219390529 M_F
hsa-miR-3920 35.2006811069086 -0.726064269939643 0.256482674832526 -2.83085113025173 0.00464243232563268 0.0476033536882335 M_F
