miRNA	SC	SC.p	SC.fdr	PC	PC.p	PC.fdr	DC
hsa-let-7a-3p	0.0073	0.9155	0.979420045045045	-0.0629	0.3608	0.766756465517241	0.0817
hsa-let-7a-5p	-0.031	0.6532	0.901947674418605	-0.0228	0.7403	0.891751824817518	0.0943
hsa-let-7b-5p	-0.0155	0.8216	0.948389830508475	-0.0561	0.4154	0.776830708661417	0.0766
hsa-let-7i-5p	-0.0276	0.6891	0.914408077994429	-0.0524	0.4467	0.794691011235955	0.0749
hsa-miR-10392-5p	0.1119	0.1035	0.540247252747253	-0.0355	0.6065	0.856264792899408	0.1317
hsa-miR-10397-3p	-9e-04	0.9891	0.9987	-0.0961	0.1623	0.70172268907563	0.1103
hsa-miR-10400-5p	0.0211	0.7595	0.946857506361323	-0.0464	0.5003	0.800033444816054	0.1342
hsa-miR-10401-5p	-0.101	0.1417	0.560895833333333	-0.1145	0.0956	0.701538461538462	0.1465
hsa-miR-10523-3p:Novel	0.0371	0.5899	0.886716772151899	0.0479	0.4866	0.800033444816054	0.1326
hsa-miR-106b-5p	-0.0258	0.7081	0.915630081300813	0.0476	0.4896	0.800033444816054	0.1153
hsa-miR-11399-3p:Novel	-0.0767	0.2649	0.698559782608696	0.0272	0.6928	0.890047297297297	0.1163
hsa-miR-1181-3p:Novel	-0.1526	0.0259	0.418306451612903	-0.1404	0.0407	0.690446428571429	0.1473
hsa-miR-1184	-0.1621	0.0179	0.418306451612903	-0.1242	0.0704	0.701538461538462	0.1739
hsa-miR-1193-3p:Novel	0.0081	0.9068	0.979420045045045	-0.0741	0.2816	0.7184375	0.0987
hsa-miR-1202	-0.0467	0.4981	0.846886120996441	-0.0076	0.9117	0.957934065934066	0.1082
hsa-miR-1202-3p:Novel	-0.1512	0.0273	0.418306451612903	-0.0711	0.3019	0.72675	0.1295
hsa-miR-1203	-0.0355	0.6065	0.888075153374233	-0.0272	0.6933	0.890047297297297	0.1009
hsa-miR-12114-3p:Novel	-0.0497	0.4705	0.824677121771218	-0.0568	0.4096	0.776830708661417	0.1095
hsa-miR-12117-3p:Novel	0.1035	0.1322	0.552136752136752	0.043	0.5328	0.812371794871795	0.1062
hsa-miR-12118-3p:Novel	-0.0404	0.5576	0.879455445544555	-0.0844	0.2201	0.717566666666667	0.125
hsa-miR-12119	-0.0075	0.9138	0.979420045045045	-0.0204	0.767	0.891751824817518	0.0919
hsa-miR-12120-3p:Novel	0.035	0.6116	0.888409785932722	-0.0198	0.7737	0.892008495145631	0.1059
hsa-miR-12121	-0.0274	0.6911	0.914408077994429	-0.0333	0.6291	0.866152173913043	0.081
hsa-miR-12123	-0.0069	0.9197	0.980353139013453	-0.0039	0.9553	0.982180735930736	0.1185
hsa-miR-12124-5p:Novel	-0.0844	0.2198	0.642269938650307	-0.0932	0.1755	0.70172268907563	0.1351
hsa-miR-12126-5p:Novel	-0.0999	0.1461	0.57353305785124	-0.0452	0.512	0.805927152317881	0.1268
hsa-miR-12127	-0.0159	0.8178	0.948389830508475	-0.1039	0.1306	0.701538461538462	0.1547
hsa-miR-12128	-0.0806	0.2413	0.676176470588235	-0.0615	0.3721	0.766756465517241	0.1063
hsa-miR-12136	0.0418	0.5436	0.87714527027027	-0.047	0.4953	0.800033444816054	0.1088
hsa-miR-12136-3p:Novel	0.0943	0.1705	0.600962962962963	0.0682	0.3217	0.745865853658537	0.1098
hsa-miR-122-5p	0.0527	0.444	0.824677121771218	-0.0615	0.372	0.766756465517241	0.1036
hsa-miR-1229-5p	-0.0287	0.6773	0.910528169014085	-0.0355	0.6062	0.856264792899408	0.0935
hsa-miR-1231	-0.0413	0.5491	0.878190235690236	-0.0935	0.1742	0.70172268907563	0.143
hsa-miR-1231-3p:Novel	-0.0959	0.1632	0.600962962962963	-0.0853	0.2152	0.717566666666667	0.1254
hsa-miR-1233-3p	-0.057	0.4075	0.81859631147541	0.0345	0.6165	0.861286764705882	0.1179
hsa-miR-124-5p	-0.0255	0.7113	0.915630081300813	-0.0993	0.1486	0.701538461538462	0.1284
hsa-miR-1246-3p:Novel	-0.0295	0.6688	0.91025787965616	-0.0648	0.3469	0.766756465517241	0.1027
hsa-miR-1250-5p	-0.0106	0.8773	0.973583916083916	-0.1288	0.0605	0.701538461538462	0.1374
hsa-miR-1257	-0.0081	0.9063	0.979420045045045	-0.0204	0.7674	0.891751824817518	0.0923
hsa-miR-1257-3p:Novel	-0.0501	0.4671	0.824677121771218	0.0031	0.964	0.986853448275862	0.1044
hsa-miR-125b-5p	-0.1058	0.1238	0.54712962962963	-0.1263	0.0657	0.701538461538462	0.1678
hsa-miR-1260a-3p:Novel	-0.1403	0.0408	0.423369565217391	-0.0995	0.1477	0.701538461538462	0.1712
hsa-miR-1260b	-0.1157	0.0922	0.534085365853659	-0.1562	0.0226	0.6175	0.1712
hsa-miR-1267-3p:Novel	-0.044	0.5228	0.868286713286713	-0.1171	0.0881	0.701538461538462	0.1261
hsa-miR-1272	-0.0285	0.6789	0.910528169014085	-0.0974	0.1565	0.70172268907563	0.1155
hsa-miR-1272-3p:Novel	-0.0056	0.9357	0.985309734513274	0.0777	0.2589	0.7184375	0.1227
hsa-miR-1275-3p:Novel	-0.0361	0.6008	0.888075153374233	-0.0567	0.4103	0.776830708661417	0.1162
hsa-miR-128-3p	-0.0021	0.9754	0.995359442060086	0.034	0.6216	0.862201166180758	0.1168
hsa-miR-1281	-0.0575	0.404	0.81859631147541	-0.0927	0.1777	0.703395833333333	0.1215
hsa-miR-1284	0.104	0.1304	0.552136752136752	0.0218	0.7523	0.891751824817518	0.1362
hsa-miR-1285-3p	-0.0069	0.9205	0.980353139013453	-0.0741	0.2818	0.7184375	0.1069
hsa-miR-1287-5p	0.0099	0.8855	0.97534064665127	-0.0891	0.1951	0.717566666666667	0.1085
hsa-miR-1288-5p	0.1112	0.1057	0.540433673469388	0.1235	0.072	0.701538461538462	0.155
hsa-miR-1290-5p:Novel	-0.0192	0.7802	0.946857506361323	-0.0869	0.2066	0.717566666666667	0.1132
hsa-miR-1291-3p:Novel	-0.1462	0.033	0.423369565217391	-0.1044	0.1287	0.701538461538462	0.1711
hsa-miR-1293	0.0847	0.2183	0.642269938650307	0.1015	0.1398	0.701538461538462	0.1478
hsa-miR-1294	0.0963	0.1612	0.600962962962963	0.1034	0.1324	0.701538461538462	0.1416
hsa-miR-1302	0.0135	0.8446	0.957482100238664	-0.0077	0.9112	0.957934065934066	0.086
hsa-miR-1306-3p	0.022	0.7497	0.944582228116711	-0.0071	0.9176	0.957934065934066	0.0964
hsa-miR-1307-3p	-0.0591	0.3907	0.812685589519651	-0.0984	0.1522	0.701538461538462	0.1121
hsa-miR-1324	0.1246	0.0695	0.482464285714286	0.0431	0.5312	0.812371794871795	0.1367
hsa-miR-137-3p	0.0096	0.8891	0.97534064665127	-0.0563	0.4137	0.776830708661417	0.1068
hsa-miR-143-3p	0.0259	0.7068	0.915630081300813	-0.0768	0.2648	0.7184375	0.1033
hsa-miR-1469-3p:Novel	-0.1451	0.0343	0.423369565217391	-0.1769	0.0097	0.6175	0.17
hsa-miR-148a-3p	-0.0691	0.3155	0.734299516908213	-0.0595	0.3876	0.776830708661417	0.0747
hsa-miR-149-3p	0.0049	0.9436	0.987246696035242	0.0534	0.438	0.788068181818182	0.0995
hsa-miR-151a-3p	0.0516	0.4537	0.824677121771218	-0.0461	0.5036	0.800033444816054	0.1237
hsa-miR-152-3p	-0.0206	0.7653	0.946857506361323	-0.0442	0.5212	0.809052287581699	0.1109
hsa-miR-1587-3p:Novel	-0.0355	0.6067	0.888075153374233	-0.0694	0.3132	0.736485148514851	0.1144
hsa-miR-181b-5p	0.0652	0.3436	0.762663551401869	0.0771	0.2628	0.7184375	0.1129
hsa-miR-181c-3p	0.0611	0.3752	0.794622222222222	-0.0633	0.3577	0.766756465517241	0.1313
hsa-miR-182-3p	0.052	0.4503	0.824677121771218	-0.0609	0.3768	0.768154506437768	0.138
hsa-miR-182-5p	0.0504	0.4643	0.824677121771218	-0.0015	0.9824	0.993884778012685	0.0874
hsa-miR-1910-3p	-0.075	0.2759	0.703656914893617	-0.0787	0.2525	0.7184375	0.1323
hsa-miR-1913	-0.0713	0.3002	0.7179625	-0.1008	0.1428	0.701538461538462	0.1241
hsa-miR-192-5p	-0.0766	0.2658	0.698559782608696	-0.0822	0.2323	0.7184375	0.098
hsa-miR-194-1-3p:Novel	-0.1076	0.1175	0.540769230769231	-0.09	0.1908	0.717566666666667	0.1085
hsa-miR-194-3p	-0.1717	0.0121	0.413928571428571	-0.0898	0.1918	0.717566666666667	0.1201
hsa-miR-194-5p	-0.1203	0.0799	0.506033333333333	-0.0981	0.1536	0.701538461538462	0.1788
hsa-miR-197-5p	-0.1582	0.0209	0.418306451612903	-0.1204	0.0796	0.701538461538462	0.1759
hsa-miR-199a-3p, hsa-miR-199b-3p	-0.0383	0.5784	0.882099358974359	-0.0733	0.2871	0.7184375	0.1083
hsa-miR-200a-3p	-0.0195	0.7771	0.946857506361323	-0.0732	0.2879	0.7184375	0.0951
hsa-miR-200b-3p	-0.082	0.2336	0.664431137724551	-0.0616	0.3713	0.766756465517241	0.082
hsa-miR-200c-3p	-0.02	0.7721	0.946857506361323	-0.0818	0.2348	0.7184375	0.098
hsa-miR-206-5p:Novel	0.0293	0.6709	0.910507142857143	0.0983	0.1529	0.701538461538462	0.1271
hsa-miR-21-5p	-0.0408	0.5537	0.879455445544555	-0.0612	0.3741	0.766756465517241	0.0883
hsa-miR-2110	0.1203	0.0799	0.506033333333333	0.1536	0.025	0.6175	0.1553
hsa-miR-2110-3p:Novel	0.1015	0.1398	0.560895833333333	0.0669	0.331	0.748690476190476	0.1175
hsa-miR-2114-5p	0.1133	0.0992	0.540247252747253	0.1603	0.0193	0.6175	0.1586
hsa-miR-215-5p	-0.1215	0.0767	0.499075342465753	-0.0896	0.1925	0.717566666666667	0.1021
hsa-miR-219a-5p	0.0494	0.473	0.825943223443223	-0.0229	0.7401	0.891751824817518	0.115
hsa-miR-2278-3p:Novel	-0.0167	0.8085	0.948389830508475	0.0931	0.1758	0.70172268907563	0.119
hsa-miR-2392	0.0368	0.5932	0.887264150943396	0.0299	0.664	0.882388579387187	0.0981
hsa-miR-23c	-0.0954	0.1651	0.600962962962963	0.0286	0.6783	0.890047297297297	0.1196
hsa-miR-2681-3p	0.0581	0.3987	0.815450643776824	-0.0872	0.2051	0.717566666666667	0.1456
hsa-miR-2861	-0.0247	0.72	0.924324324324324	-9e-04	0.9897	0.993884778012685	0.0838
hsa-miR-2861-5p:Novel	-0.0186	0.787	0.948345771144279	-0.0272	0.6927	0.890047297297297	0.1012
hsa-miR-2909-3p:Novel	-0.0626	0.3629	0.783534090909091	-0.0588	0.3934	0.776830708661417	0.0966
hsa-miR-300	0.058	0.4	0.815450643776824	0.0373	0.588	0.847371212121212	0.088
hsa-miR-3064-5p	-0.0189	0.7834	0.946857506361323	-0.042	0.5422	0.820427215189873	0.102
hsa-miR-3085-5p	-0.0668	0.332	0.746332547169811	-0.0366	0.5955	0.851995481927711	0.0909
hsa-miR-30c-5p	-0.0876	0.203	0.626136363636364	-0.0835	0.2247	0.717566666666667	0.128
hsa-miR-3125	-0.0802	0.2437	0.676944444444444	0.1143	0.0962	0.701538461538462	0.1441
hsa-miR-3127-5p	-0.0062	0.9278	0.983716517857143	-0.1025	0.136	0.701538461538462	0.1374
hsa-miR-3130-3p	-0.0173	0.8019	0.948345771144279	-0.0302	0.6612	0.882388579387187	0.1232
hsa-miR-3136-5p	0.1081	0.1157	0.540769230769231	0.1592	0.0201	0.6175	0.1527
hsa-miR-3137	0.0295	0.6686	0.91025787965616	-0.0936	0.1736	0.70172268907563	0.1238
hsa-miR-3137-3p:Novel	0.0027	0.9683	0.991255387931035	0.0654	0.3419	0.766497641509434	0.1124
hsa-miR-3138-5p:Novel	0.1324	0.0536	0.462909090909091	0.1066	0.1208	0.701538461538462	0.1454
hsa-miR-3141-3p:Novel	0.1027	0.1353	0.552136752136752	0.0172	0.8034	0.910775656324582	0.1393
hsa-miR-3154	-0.0204	0.7677	0.946857506361323	-0.0483	0.4833	0.800033444816054	0.0954
hsa-miR-3154-5p:Novel	-0.091	0.1856	0.60708904109589	-0.0469	0.4963	0.800033444816054	0.1141
hsa-miR-3155a	0.0787	0.2529	0.68578125	0.0565	0.4124	0.776830708661417	0.0999
hsa-miR-3155b	0.0464	0.501	0.846886120996441	0.0179	0.7952	0.903636363636364	0.0814
hsa-miR-3156-3p	-0.0153	0.8246	0.948389830508475	0.0491	0.4756	0.800033444816054	0.1128
hsa-miR-3160-3p	-0.0175	0.7993	0.948345771144279	-0.1141	0.0967	0.701538461538462	0.1407
hsa-miR-3160-5p	-0.0685	0.32	0.734299516908213	-0.1204	0.0794	0.701538461538462	0.1402
hsa-miR-3168-3p:Novel	0.0175	0.8	0.948345771144279	-0.0735	0.2855	0.7184375	0.1202
hsa-miR-3169	0.1879	0.0059	0.4085	0.1198	0.0812	0.701538461538462	0.1725
hsa-miR-3170	0.134	0.0509	0.462909090909091	0.1309	0.0565	0.701538461538462	0.1512
hsa-miR-3170-3p:Novel	-0.034	0.6215	0.892687125748503	0.0281	0.6839	0.890047297297297	0.0862
hsa-miR-3176-5p:Novel	-0.0758	0.2706	0.698559782608696	-0.0918	0.182	0.708606557377049	0.1075
hsa-miR-3178-3p:Novel	0.0725	0.2922	0.709124365482233	0.0841	0.2218	0.717566666666667	0.1204
hsa-miR-3180	-0.0153	0.8246	0.948389830508475	0.0602	0.3816	0.774351063829787	0.1147
hsa-miR-3180-3p	-0.0928	0.1773	0.605625	-0.1033	0.1329	0.701538461538462	0.1732
hsa-miR-3180-4-3p:Novel, hsa-miR-3180-5-3p:Novel	-0.1746	0.0107	0.413928571428571	0.0131	0.8493	0.933836805555556	0.1668
hsa-miR-3180-5p	-0.0644	0.3495	0.772151162790698	0.0275	0.6896	0.890047297297297	0.1131
hsa-miR-3185-3p:Novel	-0.0654	0.3425	0.762663551401869	-0.0342	0.6191	0.862201166180758	0.1201
hsa-miR-3190-3p	-0.0762	0.2685	0.698559782608696	-0.117	0.0885	0.701538461538462	0.1318
hsa-miR-3195	-0.0831	0.2272	0.658048780487805	0.0314	0.6486	0.879424715909091	0.1101
hsa-miR-3195-3p:Novel	0.071	0.3023	0.7179625	-0.0051	0.9409	0.972304347826087	0.1058
hsa-miR-3196-3p:Novel	-0.0614	0.3725	0.794622222222222	-0.074	0.2821	0.7184375	0.112
hsa-miR-3197	-0.1094	0.1115	0.540433673469388	-0.0954	0.1653	0.70172268907563	0.1671
hsa-miR-320a-3p	-0.0465	0.5	0.846886120996441	-0.0379	0.5821	0.842980182926829	0.0809
hsa-miR-320c	0.0256	0.7099	0.915630081300813	0.0244	0.7235	0.891751824817518	0.1155
hsa-miR-320d	-0.0263	0.7031	0.915630081300813	-0.0167	0.8088	0.911504739336493	0.1164
hsa-miR-320d-1-5p:Novel	0.0825	0.2308	0.661566265060241	-0.0464	0.5008	0.800033444816054	0.1144
hsa-miR-320e-5p:Novel	-0.0558	0.4176	0.81859631147541	-0.0759	0.2699	0.7184375	0.1507
hsa-miR-323a-5p	-0.0728	0.29	0.709124365482233	-0.1415	0.0391	0.68787037037037	0.1603
hsa-miR-326-5p:Novel	-0.0969	0.1589	0.600962962962963	-0.0749	0.2765	0.7184375	0.1225
hsa-miR-338-3p	0.0057	0.9343	0.985309734513274	-0.0084	0.9033	0.957934065934066	0.1047
hsa-miR-345-3p	-0.1576	0.0214	0.418306451612903	-0.1527	0.0259	0.6175	0.1889
hsa-miR-3605-5p	-0.0733	0.287	0.709124365482233	-0.0247	0.72	0.891751824817518	0.1104
hsa-miR-3615-5p:Novel	-0.1465	0.0326	0.423369565217391	-0.0839	0.2227	0.717566666666667	0.1292
hsa-miR-3619-3p	-0.1837	0.0072	0.4085	0.0036	0.9589	0.983752699784017	0.1503
hsa-miR-3621-3p:Novel	-0.0785	0.2541	0.68578125	0.0279	0.686	0.890047297297297	0.1149
hsa-miR-3622a-5p	-0.0581	0.3989	0.815450643776824	-0.0601	0.3831	0.774351063829787	0.1016
hsa-miR-3648	0.0503	0.4652	0.824677121771218	0.0228	0.7407	0.891751824817518	0.1013
hsa-miR-3648-3p:Novel	0.0355	0.6062	0.888075153374233	0.011	0.8728	0.948695652173913	0.0879
hsa-miR-3652-3p:Novel	-0.0508	0.461	0.824677121771218	-0.0811	0.2386	0.7184375	0.1114
hsa-miR-3665-3p:Novel	-0.0338	0.624	0.892687125748503	0.0369	0.5924	0.85012084592145	0.1047
hsa-miR-3668-3p:Novel	0.1408	0.0401	0.423369565217391	0.1383	0.0438	0.701538461538462	0.1591
hsa-miR-3682-3p	-0.0202	0.7694	0.946857506361323	-0.0875	0.2033	0.717566666666667	0.1205
hsa-miR-3689d-3p:Novel	0.0476	0.4892	0.844981818181818	0.0166	0.8098	0.911504739336493	0.0936
hsa-miR-3714-3p:Novel	0.0777	0.2592	0.695593220338983	0.0489	0.4775	0.800033444816054	0.1113
hsa-miR-371a-3p	0.1456	0.0337	0.423369565217391	0.1333	0.0521	0.701538461538462	0.1617
hsa-miR-371a-5p	0.0196	0.7765	0.946857506361323	0.0188	0.7854	0.898951807228916	0.0853
hsa-miR-378a-3p	-0.004	0.9536	0.990462962962963	-0.0739	0.2832	0.7184375	0.0893
hsa-miR-378h	-0.0667	0.3328	0.746332547169811	-0.0724	0.2931	0.721360103626943	0.1076
hsa-miR-378h-3p:Novel	-0.0097	0.8883	0.97534064665127	0.0844	0.2197	0.717566666666667	0.1196
hsa-miR-378i	-0.1177	0.0866	0.520696202531646	-0.0429	0.5336	0.812371794871795	0.1318
hsa-miR-378i-3p:Novel	-0.0856	0.2136	0.642269938650307	-0.0654	0.3421	0.766497641509434	0.132
hsa-miR-378j-3p:Novel	-0.104	0.1305	0.552136752136752	-0.0805	0.242	0.7184375	0.1306
hsa-miR-3907	-0.0426	0.5361	0.87714527027027	-0.0768	0.2644	0.7184375	0.1019
hsa-miR-3907-5p:Novel	-0.1011	0.1414	0.560895833333333	-0.1099	0.1098	0.701538461538462	0.1391
hsa-miR-3911-3p:Novel	0.0148	0.8297	0.951950483091787	-0.0353	0.6086	0.856264792899408	0.1075
hsa-miR-3916-3p:Novel	-0.153	0.0255	0.418306451612903	-0.0958	0.1635	0.70172268907563	0.1664
hsa-miR-3920	0.0285	0.6791	0.910528169014085	0.09	0.1907	0.717566666666667	0.109
hsa-miR-3920-5p:Novel	-0.1462	0.0329	0.423369565217391	0.0255	0.7114	0.891751824817518	0.1262
hsa-miR-3928-3p	-0.0416	0.5462	0.87714527027027	-0.0511	0.4583	0.800033444816054	0.1198
hsa-miR-3934-3p	0.0136	0.8432	0.957482100238664	-0.0104	0.8805	0.952482954545455	0.0937
hsa-miR-3935	-0.0926	0.1782	0.605625	-0.0315	0.6474	0.879424715909091	0.1186
hsa-miR-3943-3p:Novel	-0.076	0.2693	0.698559782608696	-0.0858	0.2123	0.717566666666667	0.101
hsa-miR-3960	0.0166	0.8099	0.948389830508475	0.0303	0.6605	0.882388579387187	0.0895
hsa-miR-3960-5p:Novel	0.0191	0.7812	0.946857506361323	0.0511	0.4577	0.800033444816054	0.1071
hsa-miR-3972	-0.0079	0.9083	0.979420045045045	-0.0495	0.472	0.800033444816054	0.0882
hsa-miR-3972-5p:Novel	-0.1191	0.0829	0.511396103896104	-0.1706	0.0126	0.6175	0.1896
hsa-miR-3976	-0.0376	0.5856	0.885859872611465	-0.0642	0.3509	0.766756465517241	0.1168
hsa-miR-3976-3p:Novel	0.0405	0.5563	0.879455445544555	-0.08	0.2451	0.7184375	0.104
hsa-miR-422a	0.0177	0.7972	0.948345771144279	0.0309	0.6536	0.879490084985836	0.095
hsa-miR-423-5p	-0.0697	0.3112	0.731782178217822	-0.0225	0.7436	0.891751824817518	0.0754
hsa-miR-425-3p	-0.1105	0.1077	0.540433673469388	-0.1117	0.1039	0.701538461538462	0.1433
hsa-miR-4252	-0.0562	0.4142	0.81859631147541	-0.0562	0.4147	0.776830708661417	0.0981
hsa-miR-4254	-0.059	0.3918	0.812685589519651	0.0761	0.2688	0.7184375	0.1292
hsa-miR-4254-5p:Novel	-0.0315	0.6473	0.9016642228739	-0.0501	0.467	0.800033444816054	0.0959
hsa-miR-4258-3p:Novel	-0.0317	0.6457	0.9016642228739	0.0314	0.649	0.879424715909091	0.1113
hsa-miR-4259	-0.0746	0.2785	0.703656914893617	0.0474	0.491	0.800033444816054	0.1366
hsa-miR-4259-5p:Novel	-0.088	0.2006	0.626136363636364	-0.0576	0.4031	0.776830708661417	0.134
hsa-miR-4274	-0.0564	0.413	0.81859631147541	-0.0774	0.2604	0.7184375	0.1161
hsa-miR-4276-3p:Novel	-0.1419	0.0385	0.423369565217391	-0.1598	0.0196	0.6175	0.1895
hsa-miR-4277	-0.0667	0.3328	0.746332547169811	-0.0212	0.7578	0.891751824817518	0.0961
hsa-miR-4281	-0.1801	0.0084	0.4085	-0.1636	0.0169	0.6175	0.2035
hsa-miR-4283	0.1029	0.1343	0.552136752136752	0.0416	0.5458	0.820427215189873	0.1138
hsa-miR-4283-3p:Novel	0.1403	0.0408	0.423369565217391	0.0834	0.2252	0.717566666666667	0.1513
hsa-miR-4284-3p:Novel	-0.1646	0.0162	0.418306451612903	-0.0758	0.2707	0.7184375	0.1687
hsa-miR-4285-3p:Novel	-0.0325	0.6374	0.901510416666667	0.0418	0.5445	0.820427215189873	0.1123
hsa-miR-4286-3p:Novel	-0.0501	0.4672	0.824677121771218	-0.0497	0.4708	0.800033444816054	0.1035
hsa-miR-4290	0.0394	0.5673	0.882099358974359	0.1145	0.0955	0.701538461538462	0.1212
hsa-miR-4290-5p:Novel	-0.0722	0.2941	0.709124365482233	-0.1318	0.0548	0.701538461538462	0.1273
hsa-miR-4302-3p:Novel	-0.0628	0.3614	0.783534090909091	-0.1111	0.1059	0.701538461538462	0.1244
hsa-miR-4306-5p:Novel	-1e-04	0.9987	0.9987	-0.0584	0.3963	0.776830708661417	0.1132
hsa-miR-4309	0.0027	0.9683	0.991255387931035	-0.0474	0.4911	0.800033444816054	0.0876
hsa-miR-4309-3p:Novel	0.0951	0.1667	0.600962962962963	-0.0072	0.9168	0.957934065934066	0.1015
hsa-miR-4311	-0.0748	0.2773	0.703656914893617	-0.0813	0.2376	0.7184375	0.1098
hsa-miR-4311-3p:Novel	-0.073	0.2886	0.709124365482233	0.0082	0.9053	0.957934065934066	0.1182
hsa-miR-4313	-0.0204	0.7677	0.946857506361323	-0.0324	0.6382	0.873616714697406	0.0975
hsa-miR-4313-3p:Novel	-0.0085	0.9022	0.979420045045045	0.0201	0.7709	0.891751824817518	0.0888
hsa-miR-4323	-0.1296	0.059	0.482464285714286	-0.0674	0.3276	0.748690476190476	0.1143
hsa-miR-4326	-0.1564	0.0224	0.418306451612903	0.0122	0.8594	0.938233944954128	0.1381
hsa-miR-4326-5p:Novel	-0.0888	0.1966	0.621274834437086	-0.1029	0.1345	0.701538461538462	0.1305
hsa-miR-4327-3p:Novel	-0.0028	0.9674	0.991255387931035	-0.0276	0.6891	0.890047297297297	0.0945
hsa-miR-4330	0.0176	0.7987	0.948345771144279	0.0312	0.6511	0.879424715909091	0.1117
hsa-miR-4418	-0.0317	0.645	0.9016642228739	0.129	0.0602	0.701538461538462	0.1398
hsa-miR-4421	0.0334	0.6277	0.892687125748503	0.0213	0.7568	0.891751824817518	0.0859
hsa-miR-4429-3p:Novel	-0.0154	0.8234	0.948389830508475	-0.0097	0.888	0.954298642533937	0.1141
hsa-miR-4430-3p:Novel	-0.1061	0.1228	0.54712962962963	-0.0728	0.2904	0.7184375	0.128
hsa-miR-4431	0.1073	0.1184	0.540769230769231	0.0446	0.5169	0.809052287581699	0.1188
hsa-miR-4436b-3p	0.0113	0.8701	0.971742957746479	-0.085	0.2166	0.717566666666667	0.1104
hsa-miR-4436b-5p	0.0442	0.5216	0.868286713286713	0.0129	0.8516	0.934203233256351	0.095
hsa-miR-4437	0.0336	0.6263	0.892687125748503	0.0625	0.3639	0.766756465517241	0.109
hsa-miR-4441	-0.1387	0.0432	0.430408163265306	-0.1126	0.1013	0.701538461538462	0.1533
hsa-miR-4443-3p:Novel	-0.1797	0.0086	0.4085	-0.1845	0.0069	0.6175	0.2289
hsa-miR-4449	0.0176	0.7982	0.948345771144279	0.009	0.8966	0.957934065934066	0.0917
hsa-miR-4451-5p:Novel	0.0058	0.9333	0.985309734513274	0.0705	0.306	0.72675	0.1047
hsa-miR-4452	-0.0268	0.6978	0.915630081300813	0.0564	0.4125	0.776830708661417	0.1006
hsa-miR-4453-3p:Novel	-0.0862	0.2102	0.640032051282051	-0.0467	0.4975	0.800033444816054	0.1193
hsa-miR-4466-3p:Novel	-0.2117	0.0019	0.2375	-0.1751	0.0105	0.6175	0.1937
hsa-miR-4472	0.0172	0.8026	0.948345771144279	0.0204	0.7667	0.891751824817518	0.0885
hsa-miR-4487	-0.0566	0.4116	0.81859631147541	0.0856	0.2132	0.717566666666667	0.1551
hsa-miR-4488-3p:Novel	0.0297	0.6662	0.91025787965616	-0.0547	0.4274	0.779655172413793	0.1117
hsa-miR-4489	-0.1664	0.0151	0.418306451612903	-0.1618	0.0181	0.6175	0.1849
hsa-miR-4489-3p:Novel	-0.0339	0.6229	0.892687125748503	-0.1101	0.1092	0.701538461538462	0.1235
hsa-miR-4492-5p:Novel	0.0259	0.7076	0.915630081300813	0.0442	0.5211	0.809052287581699	0.0995
hsa-miR-4494	0.087	0.2061	0.631596774193548	0.1193	0.0823	0.701538461538462	0.1386
hsa-miR-4497	-0.0843	0.2204	0.642269938650307	-0.0311	0.6517	0.879424715909091	0.12
hsa-miR-4497-3p:Novel	4e-04	0.9959	0.9987	-0.0522	0.4484	0.794738805970149	0.1236
hsa-miR-4504	-0.1513	0.0273	0.418306451612903	-0.1494	0.0293	0.662738095238095	0.1568
hsa-miR-4505	0.1382	0.0439	0.430408163265306	-0.0677	0.3255	0.748690476190476	0.1558
hsa-miR-4505-3p:Novel	0.1227	0.0739	0.494401408450704	0.075	0.2758	0.7184375	0.1367
hsa-miR-4506	0.0605	0.3793	0.794735682819383	0.0072	0.9173	0.957934065934066	0.1208
hsa-miR-4508-3p:Novel	0.0378	0.583	0.884744408945687	0.0052	0.9399	0.972304347826087	0.1079
hsa-miR-4513	-0.0623	0.3659	0.78643665158371	-0.0832	0.2266	0.717566666666667	0.1159
hsa-miR-4513-3p:Novel	-0.0223	0.7459	0.942293882978723	0.0139	0.8402	0.930272621809745	0.0859
hsa-miR-4515	-0.0973	0.1572	0.600962962962963	-0.043	0.5322	0.812371794871795	0.1349
hsa-miR-4516-3p:Novel	0.0497	0.4705	0.824677121771218	0.0362	0.5992	0.854714714714715	0.0998
hsa-miR-4518	-0.1261	0.0663	0.482464285714286	-0.1452	0.0342	0.6688	0.1801
hsa-miR-4520-3p	0.056	0.4162	0.81859631147541	-0.0257	0.7097	0.891751824817518	0.1198
hsa-miR-4528-5p:Novel	0.0492	0.4747	0.825943223443223	0.0179	0.7945	0.903636363636364	0.0931
hsa-miR-4534	0.1146	0.0951	0.540247252747253	0.1424	0.0379	0.68787037037037	0.153
hsa-miR-4534-5p:Novel	-0.0415	0.5466	0.87714527027027	0.023	0.7386	0.891751824817518	0.1096
hsa-miR-4537-3p:Novel	-0.0111	0.8715	0.971742957746479	-0.0065	0.9245	0.960913566739606	0.0649
hsa-miR-4632-5p	-0.0319	0.6434	0.9016642228739	-0.1066	0.1208	0.701538461538462	0.1287
hsa-miR-4634	0.0631	0.3591	0.783534090909091	0.0757	0.2715	0.7184375	0.1053
hsa-miR-4651-3p:Novel	0.0118	0.8641	0.970325059101655	0.0136	0.8436	0.930272621809745	0.0819
hsa-miR-4654	0.1252	0.0683	0.482464285714286	0.1101	0.109	0.701538461538462	0.1621
hsa-miR-4655-5p	-0.0012	0.9865	0.9987	-0.0181	0.7929	0.903636363636364	0.0917
hsa-miR-4666a-5p	-0.0382	0.5791	0.882099358974359	-0.0947	0.1687	0.70172268907563	0.1085
hsa-miR-4672	-0.1584	0.0207	0.418306451612903	-0.1865	0.0063	0.6175	0.2135
hsa-miR-4674	-0.1667	0.0149	0.418306451612903	-0.0592	0.39	0.776830708661417	0.1466
hsa-miR-4674-5p:Novel	-0.0942	0.1708	0.600962962962963	-0.1352	0.0488	0.701538461538462	0.1556
hsa-miR-4675	0.024	0.7276	0.92656836461126	0.1173	0.0877	0.701538461538462	0.1138
hsa-miR-4682-3p:Novel	0.0156	0.821	0.948389830508475	0.08	0.2448	0.7184375	0.1096
hsa-miR-4683	-0.0086	0.9012	0.979420045045045	-0.0352	0.6093	0.856264792899408	0.0959
hsa-miR-4690-5p	0.1162	0.0906	0.531296296296296	0.1157	0.0922	0.701538461538462	0.1631
hsa-miR-4693-3p	0.0011	0.9874	0.9987	-0.0735	0.2856	0.7184375	0.1153
hsa-miR-4695-5p	0.019	0.783	0.946857506361323	0.0102	0.8823	0.952482954545455	0.1022
hsa-miR-4698	0.0628	0.3617	0.783534090909091	-0.0139	0.8399	0.930272621809745	0.0803
hsa-miR-4700-5p	-0.1246	0.0696	0.482464285714286	0.126	0.0664	0.701538461538462	0.1392
hsa-miR-4701-3p	-0.0876	0.2029	0.626136363636364	-0.0625	0.3641	0.766756465517241	0.1256
hsa-miR-4710-3p:Novel	-0.1325	0.0535	0.462909090909091	-0.0483	0.4829	0.800033444816054	0.1319
hsa-miR-4713-3p	0.0382	0.5794	0.882099358974359	0.0261	0.7044	0.891751824817518	0.0851
hsa-miR-4725-5p	-0.0146	0.8326	0.952975903614458	0.0281	0.6829	0.890047297297297	0.1013
hsa-miR-4732-5p	-0.0799	0.2456	0.677011494252874	-0.0736	0.2851	0.7184375	0.1278
hsa-miR-4734	0.0609	0.3764	0.794622222222222	-0.0549	0.425	0.779655172413793	0.0995
hsa-miR-4738-3p	0.0356	0.6055	0.888075153374233	0.0402	0.5595	0.835731132075472	0.087
hsa-miR-4739	-0.1257	0.0671	0.482464285714286	0.0827	0.2294	0.7184375	0.1355
hsa-miR-4739-3p:Novel	-0.1269	0.0646	0.482464285714286	-0.0546	0.4276	0.779655172413793	0.1129
hsa-miR-4741	-0.0338	0.6233	0.892687125748503	-0.02	0.7716	0.891751824817518	0.0903
hsa-miR-4748	-0.1192	0.0826	0.511396103896104	-0.1102	0.1088	0.701538461538462	0.1652
hsa-miR-4751-3p:Novel	-0.1076	0.1174	0.540769230769231	-0.1309	0.0564	0.701538461538462	0.1662
hsa-miR-4754-3p:Novel	0.0703	0.307	0.725497512437811	-0.0451	0.5124	0.805927152317881	0.096
hsa-miR-4758-5p	-0.0144	0.8347	0.953082932692308	-0.0502	0.4663	0.800033444816054	0.0906
hsa-miR-4767	-0.1522	0.0263	0.418306451612903	-0.1478	0.031	0.6688	0.1763
hsa-miR-4771-5p:Novel	-0.1099	0.1097	0.540433673469388	-0.1002	0.1451	0.701538461538462	0.1544
hsa-miR-4784-3p:Novel	-0.0389	0.5728	0.882099358974359	-0.0209	0.7622	0.891751824817518	0.0782
hsa-miR-4785	-0.0527	0.4441	0.824677121771218	-0.0861	0.2105	0.717566666666667	0.1202
hsa-miR-4787-5p	-0.0766	0.2659	0.698559782608696	-0.0737	0.2843	0.7184375	0.0956
hsa-miR-4800-3p	0.0605	0.3798	0.794735682819383	0.0261	0.7054	0.891751824817518	0.1182
hsa-miR-483-5p	-0.0163	0.8133	0.948389830508475	0.0477	0.489	0.800033444816054	0.0934
hsa-miR-484-3p:Novel	-0.0951	0.1665	0.600962962962963	-0.0762	0.2682	0.7184375	0.1179
hsa-miR-499b-5p	-0.0438	0.5247	0.868405923344948	-0.0144	0.8342	0.930272621809745	0.1099
hsa-miR-5001-5p	0.042	0.5423	0.87714527027027	0.0021	0.9756	0.993884778012685	0.1024
hsa-miR-5006-5p	-0.1326	0.0533	0.462909090909091	-0.1661	0.0153	0.6175	0.2029
hsa-miR-501-3p	-0.1025	0.136	0.552136752136752	-0.0779	0.2579	0.7184375	0.1191
hsa-miR-504-5p	-0.1059	0.1232	0.54712962962963	-0.0835	0.2252	0.717566666666667	0.1462
hsa-miR-5090-3p:Novel	0.0262	0.7037	0.915630081300813	-0.0208	0.7629	0.891751824817518	0.0803
hsa-miR-5091	0.0401	0.5602	0.879455445544555	-0.055	0.4242	0.779655172413793	0.0985
hsa-miR-5091-3p:Novel	-0.0764	0.2669	0.698559782608696	-0.0478	0.4876	0.800033444816054	0.1353
hsa-miR-5092	-0.0441	0.5221	0.868286713286713	-0.0729	0.2897	0.7184375	0.1239
hsa-miR-5093	-0.0192	0.7808	0.946857506361323	-0.0548	0.4266	0.779655172413793	0.1064
hsa-miR-5100	-0.0844	0.2201	0.642269938650307	-0.1232	0.0727	0.701538461538462	0.1325
hsa-miR-5186	-0.0551	0.4235	0.820630081300813	0.0387	0.5747	0.842980182926829	0.1358
hsa-miR-5187-5p	-0.1171	0.0883	0.52428125	-0.1149	0.0945	0.701538461538462	0.1538
hsa-miR-5189-3p	0.1101	0.109	0.540433673469388	0.1624	0.0177	0.6175	0.1867
hsa-miR-5191	-0.0211	0.7594	0.946857506361323	0.0076	0.9123	0.957934065934066	0.1058
hsa-miR-5193	0.0685	0.3195	0.734299516908213	0.1006	0.1435	0.701538461538462	0.1225
hsa-miR-5193-5p:Novel	0.1436	0.0362	0.423369565217391	0.1699	0.013	0.6175	0.1869
hsa-miR-5196-5p	-0.0352	0.6095	0.888075153374233	-0.0347	0.6143	0.860744837758112	0.1006
hsa-miR-519a-5p, hsa-miR-519c-5p, hsa-miR-519b-5p, hsa-miR-523-5p, hsa-miR-518e-5p, hsa-miR-522-5p	-0.1122	0.1024	0.540247252747253	-0.1139	0.0973	0.701538461538462	0.1554
hsa-miR-548aa, hsa-miR-548t-3p	0.0512	0.4569	0.824677121771218	0.0208	0.7627	0.891751824817518	0.0904
hsa-miR-548d-5p	0.0712	0.3008	0.7179625	0.0333	0.6287	0.866152173913043	0.0981
hsa-miR-548h-5p	-0.0911	0.1851	0.60708904109589	-0.1036	0.1319	0.701538461538462	0.1419
hsa-miR-548i	0.0357	0.6048	0.888075153374233	9e-04	0.9895	0.993884778012685	0.1026
hsa-miR-550a-3-5p	-0.0445	0.518	0.868286713286713	-0.0252	0.7148	0.891751824817518	0.1013
hsa-miR-550a-3p	-0.0443	0.5203	0.868286713286713	-0.0339	0.6226	0.862201166180758	0.0916
hsa-miR-550b-3p	-0.0468	0.497	0.846886120996441	-0.0809	0.2398	0.7184375	0.1185
hsa-miR-551a	0.0078	0.9094	0.979420045045045	-0.0012	0.9857	0.993884778012685	0.0913
hsa-miR-5691-3p:Novel	0.1715	0.0122	0.413928571428571	-0.0078	0.9104	0.957934065934066	0.1511
hsa-miR-5694-3p:Novel	-0.0938	0.1728	0.603529411764706	-0.0136	0.8441	0.930272621809745	0.1323
hsa-miR-5698	0.0285	0.6789	0.910528169014085	0.0236	0.7323	0.891751824817518	0.101
hsa-miR-5706-3p:Novel	0.114	0.0971	0.540247252747253	0.1287	0.0607	0.701538461538462	0.1536
hsa-miR-572	-0.0261	0.7053	0.915630081300813	-0.05	0.4681	0.800033444816054	0.0922
hsa-miR-575	-0.0502	0.4657	0.824677121771218	0.0227	0.7415	0.891751824817518	0.1124
hsa-miR-584-5p	-0.0115	0.8674	0.971733490566038	-0.0834	0.2254	0.717566666666667	0.1063
hsa-miR-595-5p:Novel	-0.0795	0.248	0.677011494252874	-0.0538	0.4346	0.784923954372624	0.1365
hsa-miR-598-5p	0.0191	0.7812	0.946857506361323	0.0629	0.3612	0.766756465517241	0.0868
hsa-miR-599	0.108	0.1161	0.540769230769231	0.0381	0.5802	0.842980182926829	0.118
hsa-miR-6068-3p:Novel	0.004	0.9534	0.990462962962963	0.067	0.3305	0.748690476190476	0.0964
hsa-miR-6069-3p:Novel	0.1333	0.0521	0.462909090909091	0.0266	0.6999	0.891751824817518	0.1277
hsa-miR-607	0.0372	0.5891	0.886716772151899	0.1126	0.1013	0.701538461538462	0.1278
hsa-miR-607-5p:Novel	0.0404	0.558	0.879455445544555	-0.0775	0.2601	0.7184375	0.1072
hsa-miR-6070	0.0609	0.3762	0.794622222222222	0.0254	0.7126	0.891751824817518	0.0937
hsa-miR-6070-3p:Novel	-0.0097	0.888	0.97534064665127	0.0231	0.7371	0.891751824817518	0.083
hsa-miR-6071	-0.0738	0.2836	0.709	-0.0735	0.2859	0.7184375	0.1364
hsa-miR-6075	0.0255	0.7109	0.915630081300813	-0.0202	0.7694	0.891751824817518	0.0896
hsa-miR-6076-3p:Novel	-0.0805	0.242	0.676176470588235	-0.1095	0.1111	0.701538461538462	0.1577
hsa-miR-6077	0.0076	0.9118	0.979420045045045	-0.1017	0.1392	0.701538461538462	0.1287
hsa-miR-608-3p:Novel	0.1184	0.0846	0.515192307692308	0.0461	0.5032	0.800033444816054	0.1222
hsa-miR-6081	-0.1244	0.07	0.482464285714286	0.0196	0.7757	0.892148910411622	0.1221
hsa-miR-6083	-0.1222	0.0751	0.495451388888889	-0.0708	0.3039	0.72675	0.1383
hsa-miR-6084-5p:Novel	0.0549	0.425	0.820630081300813	0.0236	0.7323	0.891751824817518	0.1017
hsa-miR-6085	0.1257	0.0672	0.482464285714286	0.0791	0.2502	0.7184375	0.1249
hsa-miR-6085-5p:Novel	0.1031	0.1337	0.552136752136752	-0.0444	0.5197	0.809052287581699	0.0948
hsa-miR-6089	-0.2166	0.0015	0.2375	0.0074	0.9147	0.957934065934066	0.2132
hsa-miR-611	-0.0105	0.879	0.973583916083916	0.0613	0.3735	0.766756465517241	0.1106
hsa-miR-6124-3p:Novel	-0.0796	0.2475	0.677011494252874	-0.0297	0.6666	0.882388579387187	0.1198
hsa-miR-6125	-0.0557	0.4185	0.81859631147541	0.0143	0.8355	0.930272621809745	0.0831
hsa-miR-6125-5p:Novel	-0.0037	0.9571	0.990462962962963	0.0148	0.8294	0.929162735849057	0.117
hsa-miR-6126-3p:Novel	0.0391	0.5704	0.882099358974359	-0.0638	0.3543	0.766756465517241	0.1254
hsa-miR-6127	-0.0039	0.9552	0.990462962962963	0.1002	0.145	0.701538461538462	0.1424
hsa-miR-6127-3p:Novel	-0.1641	0.0165	0.418306451612903	0.038	0.5811	0.842980182926829	0.1458
hsa-miR-6130	-0.1409	0.04	0.423369565217391	-0.0168	0.8078	0.911504739336493	0.1517
hsa-miR-6131	-0.0346	0.6153	0.891059451219512	-0.0248	0.7191	0.891751824817518	0.1136
hsa-miR-6131-5p:Novel	-0.0383	0.5785	0.882099358974359	-0.0841	0.2213	0.717566666666667	0.1082
hsa-miR-6132	-0.0687	0.3185	0.734299516908213	1e-04	0.9988	0.9988	0.112
hsa-miR-6133-5p:Novel	-0.112	0.1031	0.540247252747253	-0.0435	0.5282	0.812371794871795	0.1319
hsa-miR-6165-3p:Novel	-0.1379	0.0444	0.430408163265306	-0.0839	0.2225	0.717566666666667	0.1565
hsa-miR-617-3p:Novel	-0.0316	0.6465	0.9016642228739	-0.0274	0.6909	0.890047297297297	0.0889
hsa-miR-622	-0.1435	0.0364	0.423369565217391	-0.0919	0.1815	0.708606557377049	0.1087
hsa-miR-631-3p:Novel	0.0508	0.4606	0.824677121771218	0.0815	0.2363	0.7184375	0.1027
hsa-miR-632	-0.1056	0.1244	0.54712962962963	-0.0068	0.9218	0.960208333333333	0.0835
hsa-miR-636	0.0033	0.9614	0.990596529284165	0.0017	0.9809	0.993884778012685	0.0812
hsa-miR-637	0.0241	0.7271	0.92656836461126	-0.0191	0.7816	0.896763285024155	0.102
hsa-miR-638	-0.0325	0.6377	0.901510416666667	4e-04	0.9959	0.998001054852321	0.0825
hsa-miR-638-3p:Novel	-0.0947	0.1683	0.600962962962963	-0.0212	0.7583	0.891751824817518	0.0956
hsa-miR-639	0.0159	0.8175	0.948389830508475	0.0263	0.7025	0.891751824817518	0.1021
hsa-miR-639-5p:Novel	-0.0918	0.1819	0.60708904109589	-0.0932	0.1755	0.70172268907563	0.1611
hsa-miR-641-3p:Novel	3e-04	0.996	0.9987	-0.0707	0.3044	0.72675	0.1021
hsa-miR-645	-0.0753	0.2742	0.703656914893617	-0.0715	0.2991	0.72675	0.1475
hsa-miR-646	0.0532	0.4402	0.824677121771218	0.0499	0.4688	0.800033444816054	0.115
hsa-miR-646-5p:Novel	-0.0423	0.5394	0.87714527027027	-0.057	0.4074	0.776830708661417	0.1271
hsa-miR-647-3p:Novel	0.1543	0.0243	0.418306451612903	-0.0251	0.7157	0.891751824817518	0.1664
hsa-miR-650	-0.0824	0.2312	0.661566265060241	0.0039	0.9545	0.982180735930736	0.1163
hsa-miR-6509-5p	-0.0169	0.8067	0.948389830508475	-0.0228	0.7409	0.891751824817518	0.0838
hsa-miR-6511a-3p	-0.0105	0.8793	0.973583916083916	0.0206	0.7651	0.891751824817518	0.0913
hsa-miR-6511b-5p	-0.0986	0.1515	0.588536585365854	0.0405	0.5565	0.833872239747634	0.1367
hsa-miR-654-5p	-0.0984	0.1524	0.588536585365854	-0.0498	0.4694	0.800033444816054	0.1354
hsa-miR-655-5p	0.0047	0.9462	0.987791208791209	0.0941	0.1713	0.70172268907563	0.1139
hsa-miR-657	0.0557	0.4189	0.81859631147541	0.0839	0.2228	0.717566666666667	0.1281
hsa-miR-657-5p:Novel	0.0066	0.9233	0.981135346756152	0.0475	0.4902	0.800033444816054	0.1013
hsa-miR-663a-3p:Novel	-0.074	0.2825	0.709	-0.0247	0.72	0.891751824817518	0.1053
hsa-miR-6717-3p:Novel	-0.1357	0.0479	0.45505	-0.0996	0.1476	0.701538461538462	0.1449
hsa-miR-6717-5p	-0.1282	0.0619	0.482464285714286	-0.0998	0.1466	0.701538461538462	0.1356
hsa-miR-6720-3p	-0.0198	0.7736	0.946857506361323	-0.042	0.5425	0.820427215189873	0.0825
hsa-miR-6721-3p:Novel	-0.1239	0.0711	0.482464285714286	-0.0717	0.2976	0.72675	0.1526
hsa-miR-6724-3p:Novel	-0.0094	0.8915	0.975720046082949	0.0883	0.1995	0.717566666666667	0.1471
hsa-miR-6724-5p	-0.1715	0.0122	0.413928571428571	-0.0985	0.152	0.701538461538462	0.1608
hsa-miR-6728-5p	-0.0128	0.8527	0.962072446555819	-0.0671	0.3299	0.748690476190476	0.1054
hsa-miR-6731-5p	-0.0807	0.2407	0.676176470588235	-0.0298	0.6656	0.882388579387187	0.1325
hsa-miR-6738-5p	-0.1401	0.041	0.423369565217391	-0.0986	0.1514	0.701538461538462	0.1625
hsa-miR-6745-5p:Novel	-0.0312	0.651	0.901947674418605	-0.0936	0.1733	0.70172268907563	0.1255
hsa-miR-6746-5p	-0.1135	0.0986	0.540247252747253	-0.1444	0.0352	0.6688	0.1716
hsa-miR-6756-5p	0.0132	0.8486	0.95972619047619	-0.0998	0.1465	0.701538461538462	0.1224
hsa-miR-6757-5p	-0.0513	0.4563	0.824677121771218	-0.0227	0.7422	0.891751824817518	0.1115
hsa-miR-6760-5p	-0.0275	0.6901	0.914408077994429	-0.038	0.5812	0.842980182926829	0.0843
hsa-miR-6763-5p	-0.1572	0.0218	0.418306451612903	-0.103	0.1339	0.701538461538462	0.1706
hsa-miR-6768-5p	-4e-04	0.9955	0.9987	0.0297	0.6669	0.882388579387187	0.0953
hsa-miR-6772-5p	0.0121	0.8603	0.968347156398104	0.1288	0.0605	0.701538461538462	0.1347
hsa-miR-6773-5p	-0.0585	0.3952	0.815450643776824	-0.1026	0.1354	0.701538461538462	0.1172
hsa-miR-6777-5p	-0.0682	0.3219	0.735108173076923	0.0223	0.7468	0.891751824817518	0.1093
hsa-miR-6778-5p	0.0434	0.5282	0.871163194444444	-0.0325	0.6374	0.873616714697406	0.116
hsa-miR-6787-5p	-0.0471	0.4943	0.846886120996441	-0.0621	0.3671	0.766756465517241	0.0911
hsa-miR-6788-3p	0.1286	0.0611	0.482464285714286	0.1006	0.1433	0.701538461538462	0.1368
hsa-miR-6790-5p	-0.0725	0.292	0.709124365482233	-0.1319	0.0546	0.701538461538462	0.1387
hsa-miR-6793-5p	-0.0141	0.8382	0.95478417266187	-0.0647	0.3475	0.766756465517241	0.1065
hsa-miR-6794-5p	-0.0384	0.5778	0.882099358974359	-0.0593	0.3888	0.776830708661417	0.1131
hsa-miR-6802-5p	-0.0914	0.184	0.60708904109589	-0.0545	0.4284	0.779655172413793	0.1283
hsa-miR-6805-5p	-0.0034	0.9607	0.990596529284165	0.0286	0.6782	0.890047297297297	0.0939
hsa-miR-6818-5p	-0.0393	0.5688	0.882099358974359	-0.0561	0.415	0.776830708661417	0.0991
hsa-miR-6826-5p	-0.0954	0.1655	0.600962962962963	-0.1083	0.115	0.701538461538462	0.1452
hsa-miR-6829-5p	0.1239	0.071	0.482464285714286	0.0471	0.4942	0.800033444816054	0.1463
hsa-miR-6832-5p	0.0231	0.7377	0.93442	-0.0137	0.8419	0.930272621809745	0.0833
hsa-miR-6838-5p	-0.1081	0.1156	0.540769230769231	-0.0707	0.3045	0.72675	0.1319
hsa-miR-6847-5p	-0.1095	0.1112	0.540433673469388	-0.0914	0.1839	0.710182926829268	0.1439
hsa-miR-6849-5p	-0.1036	0.1319	0.552136752136752	-0.0612	0.3745	0.766756465517241	0.1372
hsa-miR-6859-3p	0.0632	0.3587	0.783534090909091	0.1566	0.0222	0.6175	0.1589
hsa-miR-6861-5p	-0.1128	0.1007	0.540247252747253	-0.1526	0.026	0.6175	0.1705
hsa-miR-6867-5p	3e-04	0.9971	0.9987	0.0457	0.5072	0.803066666666667	0.1019
hsa-miR-6869-5p	-0.0235	0.7333	0.931330213903743	0.0073	0.9162	0.957934065934066	0.0705
hsa-miR-6871-5p	-0.0284	0.6805	0.910528169014085	0.0393	0.5681	0.840646417445483	0.1039
hsa-miR-6874-5p	0.0419	0.5432	0.87714527027027	-0.0682	0.3215	0.745865853658537	0.1472
hsa-miR-6879-5p	-0.0886	0.1975	0.621274834437086	-0.0389	0.572	0.842980182926829	0.1418
hsa-miR-6880-5p	-0.0572	0.4062	0.81859631147541	0.016	0.8159	0.916199763593381	0.1135
hsa-miR-6895-3p	0.0543	0.4303	0.821616465863454	0.1124	0.1018	0.701538461538462	0.1289
hsa-miR-7108-5p	-0.0401	0.561	0.879455445544555	0.0075	0.9135	0.957934065934066	0.0902
hsa-miR-711	0.052	0.4507	0.824677121771218	-0.0121	0.8612	0.938233944954128	0.1033
hsa-miR-7113-5p	-0.0845	0.2193	0.642269938650307	-0.0966	0.1599	0.70172268907563	0.1093
hsa-miR-7161-3p	-0.1813	0.008	0.4085	-0.1733	0.0113	0.6175	0.1969
hsa-miR-718	0.1033	0.1328	0.552136752136752	0.0396	0.5652	0.8391171875	0.1302
hsa-miR-7515-5p:Novel	0.0353	0.6087	0.888075153374233	0.0564	0.4124	0.776830708661417	0.0911
hsa-miR-760	-0.0543	0.4307	0.821616465863454	0.0628	0.3617	0.766756465517241	0.1213
hsa-miR-765-5p:Novel	0.0429	0.5339	0.87714527027027	0.0125	0.8563	0.937194700460829	0.094
hsa-miR-770-3p:Novel	0.0085	0.9015	0.979420045045045	-0.0099	0.8858	0.954092970521542	0.0829
hsa-miR-7704-3p:Novel	0.0498	0.4695	0.824677121771218	-0.0641	0.3522	0.766756465517241	0.1159
hsa-miR-7706	-0.0483	0.4836	0.838357664233577	-0.0682	0.3219	0.745865853658537	0.1104
hsa-miR-7843-5p	-0.1471	0.0319	0.423369565217391	-0.094	0.1717	0.70172268907563	0.1483
hsa-miR-7844-3p:Novel	-0.1457	0.0336	0.423369565217391	-0.1023	0.1366	0.701538461538462	0.2065
hsa-miR-7845-3p:Novel	-0.095	0.1672	0.600962962962963	-0.1189	0.0834	0.701538461538462	0.15
hsa-miR-7847-5p:Novel	-0.0895	0.1934	0.620709459459459	-0.0796	0.2472	0.7184375	0.126
hsa-miR-7851-3p	0.0908	0.1866	0.60708904109589	0.0625	0.3643	0.766756465517241	0.1181
hsa-miR-7851-5p:Novel	0.0666	0.3331	0.746332547169811	0.0356	0.6057	0.856264792899408	0.1026
hsa-miR-8057-3p:Novel	0.1097	0.1106	0.540433673469388	-0.0764	0.2668	0.7184375	0.1269
hsa-miR-8072	-0.0054	0.9376	0.985309734513274	0.0508	0.4611	0.800033444816054	0.1093
hsa-miR-8072-3p:Novel	-0.0887	0.1972	0.621274834437086	-0.0585	0.3956	0.776830708661417	0.1165
hsa-miR-8074	-0.276	0	0	-0.1566	0.0223	0.6175	0.2085
hsa-miR-8075	-0.1241	0.0707	0.482464285714286	0.0513	0.4564	0.800033444816054	0.1317
hsa-miR-8075-5p:Novel	-0.0925	0.1785	0.605625	0.054	0.4334	0.784923954372624	0.1282
hsa-miR-8076	0.0281	0.6839	0.91250702247191	0.0011	0.9871	0.993884778012685	0.0891
hsa-miR-8077	0.0497	0.4704	0.824677121771218	0.0396	0.5653	0.8391171875	0.1156
hsa-miR-8079-3p:Novel	-0.0543	0.4307	0.821616465863454	-0.0567	0.41	0.776830708661417	0.0946
hsa-miR-8080	-0.0303	0.6605	0.909384057971014	-0.0866	0.2079	0.717566666666667	0.1127
hsa-miR-8082-3p:Novel	-4e-04	0.9954	0.9987	0.057	0.4081	0.776830708661417	0.0997
hsa-miR-8083-3p:Novel	-0.1275	0.0632	0.482464285714286	-0.1223	0.0748	0.701538461538462	0.1374
hsa-miR-8085	-0.0049	0.9431	0.987246696035242	0.0244	0.7228	0.891751824817518	0.0929
hsa-miR-8085-3p:Novel	-0.0555	0.4205	0.81859631147541	-0.0385	0.576	0.842980182926829	0.0924
hsa-miR-8089	-0.0311	0.6522	0.901947674418605	0.0259	0.7067	0.891751824817518	0.1052
hsa-miR-874-3p	-0.0898	0.1915	0.618792517006803	-0.0628	0.3615	0.766756465517241	0.1223
hsa-miR-885-3p	0.0848	0.2179	0.642269938650307	-0.0528	0.4432	0.794415094339623	0.1275
hsa-miR-922	-0.1616	0.0183	0.418306451612903	-0.1454	0.0339	0.6688	0.164
hsa-miR-922-5p:Novel	-0.0242	0.7256	0.92656836461126	-0.0373	0.5887	0.847371212121212	0.1132
hsa-miR-92a-3p	-0.0182	0.7921	0.948345771144279	0.0698	0.3103	0.733296019900498	0.1046
hsa-miR-92b-5p	0.0687	0.3183	0.734299516908213	0.1002	0.1451	0.701538461538462	0.1206
hsa-miR-935	0.0534	0.4384	0.824677121771218	0.0951	0.1667	0.70172268907563	0.1284
hsa-miR-935-5p:Novel	-0.0296	0.6677	0.91025787965616	-0.0106	0.8774	0.951518264840183	0.0874
hsa-miR-940	0.0504	0.4645	0.824677121771218	0.0017	0.9806	0.993884778012685	0.1054
hsa-miR-943-5p:Novel	0.0467	0.498	0.846886120996441	0.0025	0.9707	0.991575268817204	0.0949
hsa-miR-944-5p:Novel	0.0367	0.594	0.887264150943396	0.1356	0.0481	0.701538461538462	0.1639
hsa-miR-9500-3p:Novel	-0.2108	0.002	0.2375	-0.1235	0.0721	0.701538461538462	0.2176
hsa-miR-9898	-0.1124	0.1019	0.540247252747253	-0.047	0.4952	0.800033444816054	0.1318
hsa-miR-9898-5p:Novel	-0.002	0.9765	0.995359442060086	0.0435	0.5275	0.812371794871795	0.0952
hsa-miR-9899-5p:Novel	-0.0724	0.2931	0.709124365482233	-0.0552	0.423	0.779655172413793	0.1211
hsa-miR-9901	0.0932	0.1753	0.605625	-0.1045	0.1285	0.701538461538462	0.1483
hsa-miR-9901-3p:Novel	-0.2008	0.0032	0.304	-0.0776	0.2594	0.7184375	0.161
hsa-miR-9903	-0.0915	0.1834	0.60708904109589	-0.0526	0.4452	0.794691011235955	0.1457
hsa-miR-99b-3p	0.0511	0.4578	0.824677121771218	0.005	0.9416	0.972304347826087	0.0864
