miRNA	SC	SC.p	SC.fdr	PC	PC.p	PC.fdr	DC
hsa-let-7a-3p	-0.1205	0.1974	0.656834523809524	0.1056	0.2591	0.812772180451128	0.1495
hsa-let-7b-5p	-0.1088	0.2452	0.656834523809524	0.1035	0.2688	0.816847887323944	0.1531
hsa-miR-10392-5p	0.0408	0.6635	0.934256849315068	0.1578	0.0906	0.75457536231884	0.182
hsa-miR-10397-3p	-0.1384	0.1385	0.583984536082474	-0.0715	0.4459	0.852210747663551	0.1651
hsa-miR-10400-5p	0.1059	0.2581	0.656834523809524	0.0825	0.3785	0.825865384615385	0.1565
hsa-miR-10401-5p	-0.0972	0.2991	0.679621666666667	-0.1265	0.1761	0.79899595959596	0.1685
hsa-miR-10523-3p:Novel	-0.176	0.0587	0.460703773584906	-0.2496	0.0069	0.3681	0.2393
hsa-miR-11399-3p:Novel	0.0092	0.9215	0.981495128205128	0.0896	0.3387	0.825865384615385	0.1587
hsa-miR-1181-3p:Novel	-0.1758	0.0591	0.460703773584906	-0.0696	0.4578	0.8589	0.1999
hsa-miR-1184	0.107	0.2529	0.656834523809524	-0.0242	0.7966	0.93178446866485	0.1498
hsa-miR-1202	0.0263	0.779	0.972860683760684	0.1316	0.159	0.787940963855422	0.1716
hsa-miR-1202-3p:Novel	-0.0142	0.8801	0.981495128205128	0.0074	0.9369	0.98003094629156	0.1499
hsa-miR-1203	0.0042	0.964	0.98569	-0.1295	0.1658	0.788513953488372	0.1713
hsa-miR-12117-3p:Novel	-0.0603	0.5201	0.838127952755905	-0.0298	0.7512	0.93178446866485	0.1668
hsa-miR-12118-3p:Novel	-0.0235	0.802	0.972860683760684	-0.0214	0.8198	0.93178446866485	0.1532
hsa-miR-12120-3p:Novel	-0.134	0.1517	0.603969902912621	-0.0611	0.5145	0.866610655737705	0.1698
hsa-miR-12121	-0.0487	0.6038	0.901292700729927	-0.0379	0.6866	0.900062179487179	0.1007
hsa-miR-12123	-0.0058	0.9504	0.982321158690176	0.0368	0.6953	0.908554952076677	0.133
hsa-miR-12126-5p:Novel	-0.0904	0.3346	0.699473469387755	0.0239	0.7992	0.93178446866485	0.1374
hsa-miR-12127	-0.1051	0.2615	0.656834523809524	-0.0438	0.6406	0.899535275080906	0.1161
hsa-miR-12128	-0.1917	0.0392	0.422633333333333	-0.0908	0.3325	0.825865384615385	0.1917
hsa-miR-12136	-0.0723	0.4402	0.792638427947598	-0.1016	0.278	0.816847887323944	0.146
hsa-miR-12136-3p:Novel	0.0174	0.8526	0.981495128205128	0.0845	0.3671	0.825865384615385	0.1839
hsa-miR-1229-5p	-0.0422	0.6526	0.934256849315068	0.0975	0.2976	0.822826708074534	0.1579
hsa-miR-1231	-0.141	0.131	0.581835483870968	-0.0232	0.8047	0.93178446866485	0.1904
hsa-miR-1231-3p:Novel	-0.0396	0.6728	0.935570169491525	-0.1004	0.2836	0.816847887323944	0.208
hsa-miR-124-5p	-0.2326	0.012	0.3272	-0.2399	0.0095	0.431722222222222	0.2706
hsa-miR-1246-3p:Novel	0.1587	0.0889	0.51545205479452	-0.0492	0.6002	0.887588848920863	0.1644
hsa-miR-1250-5p	0.2166	0.0195	0.3323125	0.1642	0.0782	0.75457536231884	0.2104
hsa-miR-1255b-5p	0.2247	0.0153	0.3323125	0.0636	0.4979	0.864694166666667	0.2129
hsa-miR-1257	0.0667	0.4771	0.816459832635983	-0.0395	0.674	0.899535275080906	0.1333
hsa-miR-1257-3p:Novel	0.0115	0.9025	0.981495128205128	-0.0183	0.8454	0.938483197831978	0.1253
hsa-miR-125b-5p	0.0082	0.9304	0.981495128205128	-0.0801	0.3927	0.825865384615385	0.1574
hsa-miR-1260a-3p:Novel	-0.1173	0.21	0.656834523809524	-0.1022	0.275	0.816847887323944	0.1697
hsa-miR-1260b	-0.1878	0.0435	0.432371428571429	-0.1562	0.0941	0.75457536231884	0.2119
hsa-miR-1267-3p:Novel	0.0202	0.8296	0.972860683760684	0.0199	0.832	0.93178446866485	0.1143
hsa-miR-1272	-0.2186	0.0184	0.3323125	-0.1346	0.1496	0.784441025641026	0.2269
hsa-miR-1272-3p:Novel	-0.036	0.7014	0.95306511627907	-0.0475	0.6126	0.890662765957447	0.1107
hsa-miR-1275-3p:Novel	0.0076	0.9359	0.981495128205128	-0.0053	0.9551	0.986110275689223	0.1607
hsa-miR-128-3p	-0.0658	0.483	0.8231125	0.0296	0.7528	0.93178446866485	0.1522
hsa-miR-1284	-0.2173	0.0191	0.3323125	-0.0532	0.5704	0.878892164179104	0.2097
hsa-miR-1285-3p	-0.0803	0.3912	0.765554066985646	-0.117	0.2112	0.808443925233645	0.1602
hsa-miR-1287-5p	-0.1117	0.2326	0.656834523809524	-0.11	0.24	0.810624590163934	0.1612
hsa-miR-1288-5p	0.0078	0.9334	0.981495128205128	0.0383	0.6835	0.900062179487179	0.1331
hsa-miR-1290-5p:Novel	0.1094	0.2424	0.656834523809524	0.0608	0.517	0.866610655737705	0.1711
hsa-miR-1291-3p:Novel	-0.1406	0.1323	0.581835483870968	-0.1256	0.1793	0.79899595959596	0.1614
hsa-miR-1293	-0.0258	0.7836	0.972860683760684	0.1049	0.2625	0.812772180451128	0.167
hsa-miR-1294	0.1701	0.0679	0.470696610169492	0.039	0.6779	0.899535275080906	0.1874
hsa-miR-1302	-0.1907	0.0403	0.422633333333333	-0.2188	0.0183	0.529655	0.2152
hsa-miR-1306-3p	0.0816	0.3838	0.76201067961165	0.117	0.2109	0.808443925233645	0.1573
hsa-miR-1307-3p	-0.1085	0.2462	0.656834523809524	-0.1446	0.1214	0.75457536231884	0.2031
hsa-miR-1324	0.0214	0.8193	0.972860683760684	0.0113	0.9041	0.962902857142857	0.136
hsa-miR-137-3p	-0.032	0.7333	0.956851592356688	0.064	0.495	0.864694166666667	0.1525
hsa-miR-143-3p	-0.1025	0.2734	0.661660355029586	0.0826	0.3782	0.825865384615385	0.1825
hsa-miR-1469-3p:Novel	-0.0952	0.3094	0.691500546448087	-0.1296	0.1654	0.788513953488372	0.2038
hsa-miR-148a-3p	-0.0966	0.3023	0.683097790055249	0.0894	0.3397	0.825865384615385	0.1653
hsa-miR-149-3p	9e-04	0.9924	0.99808058968059	0.0201	0.8307	0.93178446866485	0.1595
hsa-miR-151a-3p	0.0228	0.8084	0.972860683760684	0.0612	0.514	0.866610655737705	0.1502
hsa-miR-1587-3p:Novel	0.0055	0.9535	0.982321158690176	0.1276	0.1721	0.79899595959596	0.1471
hsa-miR-181b-5p	-0.1042	0.2655	0.656834523809524	-0.0415	0.6586	0.899535275080906	0.1469
hsa-miR-181c-3p	-0.1572	0.092	0.51545205479452	-0.2095	0.024	0.529655	0.2458
hsa-miR-182-3p	0.0035	0.97	0.989351620947631	0.1098	0.2405	0.810624590163934	0.1587
hsa-miR-182-5p	-0.1441	0.1228	0.567656043956044	-0.0608	0.5167	0.866610655737705	0.1408
hsa-miR-192-5p	-0.2127	0.0219	0.343862962962963	0.0957	0.3069	0.822826708074534	0.1622
hsa-miR-194-1-3p:Novel	-0.0793	0.3976	0.77407037037037	0.0316	0.7364	0.93178446866485	0.1835
hsa-miR-194-3p	-0.1101	0.2395	0.656834523809524	0.0229	0.8076	0.93178446866485	0.1622
hsa-miR-194-5p	-0.1454	0.1194	0.567656043956044	-0.1235	0.1866	0.79899595959596	0.1633
hsa-miR-197-5p	-0.1	0.2857	0.674617613636364	-0.0784	0.4031	0.825865384615385	0.1601
hsa-miR-199a-3p, hsa-miR-199b-3p	0.0415	0.6582	0.934256849315068	-0.008	0.932	0.979187948717949	0.1554
hsa-miR-200a-3p	-0.1716	0.0655	0.470696610169492	0.0312	0.7395	0.93178446866485	0.1715
hsa-miR-200b-3p	-0.1078	0.2492	0.656834523809524	0.0936	0.3179	0.822826708074534	0.1521
hsa-miR-200c-3p	-0.1393	0.1359	0.583984536082474	0.0925	0.3235	0.822826708074534	0.1556
hsa-miR-21-5p	-0.172	0.0648	0.470696610169492	0.0931	0.3204	0.822826708074534	0.158
hsa-miR-2110	0.1194	0.2016	0.656834523809524	0.138	0.1396	0.784441025641026	0.1673
hsa-miR-2110-3p:Novel	0.1804	0.0527	0.458420833333333	0.088	0.3473	0.825865384615385	0.201
hsa-miR-2114-5p	0.2371	0.0104	0.3272	0.1834	0.0487	0.710813793103448	0.2153
hsa-miR-215-5p	-0.1644	0.0779	0.505731746031746	0.1017	0.2774	0.816847887323944	0.1574
hsa-miR-219a-5p	0.0059	0.9498	0.982321158690176	0.0045	0.962	0.986110275689223	0.1251
hsa-miR-2278-3p:Novel	0.0394	0.6748	0.935570169491525	0.0428	0.6481	0.899535275080906	0.1258
hsa-miR-23c	-0.0876	0.3499	0.7184085	0.1086	0.2461	0.812772180451128	0.1612
hsa-miR-2681-3p	-0.0302	0.7479	0.958906269592476	-0.032	0.7331	0.93178446866485	0.1181
hsa-miR-2861	-0.1556	0.0953	0.52121282051282	-0.1244	0.1835	0.79899595959596	0.174
hsa-miR-2861-5p:Novel	-0.0235	0.8025	0.972860683760684	0.0024	0.98	0.992051105651106	0.1452
hsa-miR-300	0.0261	0.7812	0.972860683760684	-0.0289	0.7584	0.93178446866485	0.1217
hsa-miR-3064-5p	-0.1157	0.2164	0.656834523809524	-0.0684	0.4658	0.862953153153153	0.1427
hsa-miR-3085-5p	0.0763	0.4157	0.777660273972603	0.068	0.4684	0.862953153153153	0.1424
hsa-miR-3125	-0.0093	0.9211	0.981495128205128	-0.0207	0.8252	0.93178446866485	0.1255
hsa-miR-3127-5p	0.0086	0.927	0.981495128205128	0.1514	0.1047	0.75457536231884	0.1678
hsa-miR-3136-5p	-0.0208	0.8243	0.972860683760684	-0.0874	0.3506	0.825865384615385	0.1638
hsa-miR-3137	-0.133	0.1547	0.6083875	-0.0041	0.9651	0.98681475	0.1708
hsa-miR-3137-3p:Novel	-0.0993	0.2891	0.674617613636364	-0.0666	0.4773	0.864694166666667	0.1463
hsa-miR-3138-5p:Novel	0.0945	0.3132	0.696189130434783	0.0063	0.9467	0.984913417721519	0.166
hsa-miR-3141-3p:Novel	-0.0338	0.7185	0.956851592356688	-0.1188	0.204	0.808443925233645	0.1537
hsa-miR-3154	-0.074	0.4297	0.784586160714286	0.0759	0.4178	0.825865384615385	0.1312
hsa-miR-3154-5p:Novel	-0.1197	0.2007	0.656834523809524	-0.0805	0.3904	0.825865384615385	0.1822
hsa-miR-3155a	-0.1468	0.1159	0.567656043956044	-0.1574	0.0915	0.75457536231884	0.1907
hsa-miR-3155b	-0.0629	0.5026	0.825555823293173	-0.1224	0.1904	0.79899595959596	0.1535
hsa-miR-3156-3p	0.0637	0.497	0.823277419354839	0.0832	0.3747	0.825865384615385	0.1342
hsa-miR-3160-3p	-0.022	0.8146	0.972860683760684	-0.0406	0.6655	0.899535275080906	0.1151
hsa-miR-3160-5p	-0.0682	0.467	0.807517226890756	-0.0672	0.4738	0.864694166666667	0.1339
hsa-miR-3168-3p:Novel	-0.0679	0.469	0.807517226890756	0.0431	0.6457	0.899535275080906	0.1447
hsa-miR-3169	0.022	0.8151	0.972860683760684	0.016	0.8647	0.947152139037433	0.1105
hsa-miR-3169-3p:Novel	0.0558	0.5516	0.858277946768061	0.0122	0.8967	0.960079319371728	0.1354
hsa-miR-3170	-0.0061	0.948	0.982321158690176	0.2184	0.0185	0.529655	0.2381
hsa-miR-3170-3p:Novel	0.0388	0.6796	0.936869899665552	0.0362	0.6994	0.910706666666667	0.1385
hsa-miR-3174-3p:Novel	-0.1138	0.2238	0.656834523809524	-0.1136	0.2245	0.810624590163934	0.1479
hsa-miR-3176-5p:Novel	0.0126	0.8931	0.981495128205128	-0.0226	0.8098	0.93178446866485	0.1052
hsa-miR-3178-3p:Novel	-0.1936	0.0373	0.422633333333333	-0.137	0.1426	0.784441025641026	0.2321
hsa-miR-3180	-0.0529	0.5725	0.876975655430712	0.1158	0.2159	0.810120183486239	0.1768
hsa-miR-3180-3p	-0.0819	0.3821	0.76201067961165	-0.0015	0.9872	0.992051105651106	0.134
hsa-miR-3180-4-3p:Novel, hsa-miR-3180-5-3p:Novel	-0.0455	0.6279	0.927115884476534	0.1256	0.179	0.79899595959596	0.1543
hsa-miR-3180-5p	-0.0383	0.6834	0.936869899665552	-0.0273	0.7713	0.93178446866485	0.1377
hsa-miR-3185-3p:Novel	-0.1388	0.1374	0.583984536082474	-0.0597	0.5242	0.869589772727273	0.1224
hsa-miR-3190-3p	-0.1125	0.2291	0.656834523809524	-0.0508	0.588	0.885373454545455	0.1662
hsa-miR-3195	-0.0275	0.7692	0.968008615384615	0.0236	0.8018	0.93178446866485	0.1606
hsa-miR-3195-3p:Novel	0.0959	0.306	0.687659340659341	0.1712	0.0661	0.75457536231884	0.2087
hsa-miR-3196-3p:Novel	0.1209	0.1959	0.656834523809524	0.0774	0.4091	0.825865384615385	0.1768
hsa-miR-320a-3p	-0.078	0.4053	0.77407037037037	0.0224	0.8115	0.93178446866485	0.1393
hsa-miR-320c	0.0071	0.94	0.982321158690176	0.0747	0.4252	0.826916587677725	0.1439
hsa-miR-320d	0.0222	0.8127	0.972860683760684	0.0468	0.6178	0.892862897526502	0.1493
hsa-miR-320d-1-5p:Novel	0.0303	0.7466	0.958906269592476	0.0842	0.3691	0.825865384615385	0.148
hsa-miR-320e-5p:Novel	0.008	0.9321	0.981495128205128	0.0147	0.8752	0.948685751978892	0.125
hsa-miR-323a-5p	-0.0736	0.4322	0.785643555555555	-0.1022	0.2749	0.816847887323944	0.1512
hsa-miR-324-3p	0.1038	0.2677	0.656834523809524	-0.0329	0.7256	0.9274075	0.1199
hsa-miR-324-5p	0.0282	0.7638	0.968008615384615	-0.033	0.7249	0.9274075	0.116
hsa-miR-3619-3p	-0.1673	0.0727	0.495571666666667	-0.0411	0.6612	0.899535275080906	0.1654
hsa-miR-3621-3p:Novel	-0.0749	0.424	0.780768161434978	0.1046	0.2637	0.812772180451128	0.1532
hsa-miR-3622a-5p	-0.1059	0.2578	0.656834523809524	-0.0716	0.4447	0.852210747663551	0.1345
hsa-miR-3648	0.0424	0.6514	0.934256849315068	0.1114	0.2339	0.810624590163934	0.147
hsa-miR-3648-3p:Novel	-0.1801	0.053	0.458420833333333	-0.1144	0.2213	0.810624590163934	0.1582
hsa-miR-3652-3p:Novel	0.0366	0.6968	0.949970666666667	-0.0158	0.8661	0.947152139037433	0.1284
hsa-miR-3665-3p:Novel	0.0644	0.4919	0.823277419354839	0.0989	0.2909	0.822826708074534	0.1482
hsa-miR-3668-3p:Novel	0.0928	0.3219	0.699473469387755	0.0828	0.3768	0.825865384615385	0.1525
hsa-miR-3689d-3p:Novel	-0.1464	0.1168	0.567656043956044	-0.0797	0.3948	0.825865384615385	0.1666
hsa-miR-3714-3p:Novel	-0.0586	0.5321	0.846805058365759	0.0563	0.5483	0.869589772727273	0.1618
hsa-miR-371a-3p	-0.0678	0.4699	0.807517226890756	-0.0861	0.3581	0.825865384615385	0.1402
hsa-miR-371a-5p	-0.2182	0.0186	0.3323125	-0.2334	0.0117	0.435027272727273	0.2639
hsa-miR-378a-3p	-0.1041	0.2662	0.656834523809524	0.0977	0.2966	0.822826708074534	0.159
hsa-miR-378h	-0.2369	0.0105	0.3272	-0.1572	0.0919	0.75457536231884	0.234
hsa-miR-378h-3p:Novel	0.0492	0.6003	0.900099633699634	0.0286	0.7608	0.93178446866485	0.1494
hsa-miR-378i	-0.1177	0.2084	0.656834523809524	-0.1045	0.2643	0.812772180451128	0.1481
hsa-miR-378i-3p:Novel	-0.1447	0.1211	0.567656043956044	-0.1525	0.1021	0.75457536231884	0.1896
hsa-miR-378j-3p:Novel	-0.0176	0.851	0.981495128205128	0.0942	0.3143	0.822826708074534	0.1603
hsa-miR-3907	0.098	0.2954	0.678756179775281	0.0488	0.6032	0.887588848920863	0.1535
hsa-miR-3907-5p:Novel	-0.1058	0.2585	0.656834523809524	-0.0403	0.6677	0.899535275080906	0.1438
hsa-miR-3911-3p:Novel	-0.1711	0.0663	0.470696610169492	-0.1571	0.0922	0.75457536231884	0.2071
hsa-miR-3916-3p:Novel	0.0197	0.834	0.972860683760684	-0.0417	0.6567	0.899535275080906	0.154
hsa-miR-3920	-0.0084	0.9284	0.981495128205128	-0.0228	0.808	0.93178446866485	0.1158
hsa-miR-3928-3p	0.0318	0.7346	0.956851592356688	0.0205	0.8272	0.93178446866485	0.1134
hsa-miR-3935	0.0157	0.8674	0.981495128205128	0.0255	0.7856	0.93178446866485	0.1427
hsa-miR-3960	0.1003	0.2842	0.674617613636364	0.0949	0.3108	0.822826708074534	0.1621
hsa-miR-3960-5p:Novel	0.0153	0.8706	0.981495128205128	0.0568	0.5446	0.869589772727273	0.1172
hsa-miR-3972	0.0239	0.7987	0.972860683760684	-0.0561	0.5501	0.869589772727273	0.1399
hsa-miR-3976	-0.0762	0.4164	0.777660273972603	-0.1216	0.1934	0.79899595959596	0.1801
hsa-miR-3976-3p:Novel	0.0338	0.7188	0.956851592356688	-0.0139	0.8822	0.949525789473684	0.1289
hsa-miR-411-5p	0.0709	0.4495	0.799328260869565	0.0966	0.3022	0.822826708074534	0.1397
hsa-miR-422a	-0.0916	0.3281	0.699473469387755	-0.0971	0.2995	0.822826708074534	0.1459
hsa-miR-423-5p	-0.0702	0.4542	0.801465957446808	0.084	0.3698	0.825865384615385	0.1512
hsa-miR-425-3p	-0.3019	0.001	0.08998	-0.2544	0.0059	0.3681	0.3164
hsa-miR-4254	3e-04	0.9972	0.9996	-0.0122	0.8962	0.960079319371728	0.1185
hsa-miR-4254-5p:Novel	0.1615	0.0834	0.51545205479452	0.1103	0.2384	0.810624590163934	0.1447
hsa-miR-4258	-0.0727	0.438	0.792638427947598	-0.0889	0.3425	0.825865384615385	0.1253
hsa-miR-4258-3p:Novel	0.0615	0.5122	0.834620717131474	0.043	0.647	0.899535275080906	0.1359
hsa-miR-4259	-0.1166	0.2126	0.656834523809524	-0.1349	0.1489	0.784441025641026	0.158
hsa-miR-4259-5p:Novel	-0.001	0.9918	0.99808058968059	0.1159	0.2154	0.810120183486239	0.1615
hsa-miR-4263	0.0308	0.7428	0.958906269592476	0.0711	0.4484	0.853002790697674	0.1545
hsa-miR-4274	-0.0149	0.8735	0.981495128205128	-0.0143	0.8786	0.948685751978892	0.1425
hsa-miR-4276-3p:Novel	-0.0692	0.4605	0.801465957446808	-0.122	0.192	0.79899595959596	0.1508
hsa-miR-4277	-0.2343	0.0113	0.3272	-0.2068	0.0259	0.529655	0.2279
hsa-miR-4281	-0.0152	0.8717	0.981495128205128	0.0407	0.6644	0.899535275080906	0.1413
hsa-miR-4283	-0.0304	0.7457	0.958906269592476	-0.0887	0.3436	0.825865384615385	0.1685
hsa-miR-4283-3p:Novel	0.0582	0.5351	0.847530115830116	0.0402	0.6683	0.899535275080906	0.1421
hsa-miR-4284-3p:Novel	-0.2472	0.0075	0.30675	-0.1496	0.109	0.75457536231884	0.231
hsa-miR-4285-3p:Novel	-0.0059	0.9496	0.982321158690176	-0.009	0.9237	0.976421447028424	0.0959
hsa-miR-4286-3p:Novel	0.0247	0.7925	0.972860683760684	0.0487	0.6033	0.887588848920863	0.158
hsa-miR-4290	-0.106	0.2574	0.656834523809524	-0.0901	0.336	0.825865384615385	0.1499
hsa-miR-4290-5p:Novel	-0.1109	0.2359	0.656834523809524	-0.0622	0.5074	0.864694166666667	0.1464
hsa-miR-4302-3p:Novel	-0.1033	0.2698	0.656834523809524	-0.1385	0.1381	0.784441025641026	0.1559
hsa-miR-4306-5p:Novel	0.0295	0.7529	0.962105607476636	-0.0047	0.9597	0.986110275689223	0.1076
hsa-miR-4309	0.1371	0.1423	0.587583168316832	0.19	0.0411	0.710813793103448	0.232
hsa-miR-4309-3p:Novel	0.0776	0.4079	0.77407037037037	0.2141	0.021	0.529655	0.216
hsa-miR-4311	-0.1179	0.2077	0.656834523809524	-0.1071	0.2527	0.812772180451128	0.1854
hsa-miR-4311-3p:Novel	0.0351	0.7084	0.956851592356688	-0.011	0.9064	0.962902857142857	0.1162
hsa-miR-4313	-0.1361	0.1451	0.587583168316832	-0.0562	0.5489	0.869589772727273	0.1937
hsa-miR-4313-3p:Novel	-0.0169	0.8567	0.981495128205128	0.0637	0.4971	0.864694166666667	0.1214
hsa-miR-4326	-0.0529	0.5725	0.876975655430712	-0.1491	0.1101	0.75457536231884	0.1994
hsa-miR-4326-5p:Novel	-0.1915	0.0395	0.422633333333333	-0.0847	0.3658	0.825865384615385	0.1717
hsa-miR-4327-3p:Novel	-0.0094	0.9199	0.981495128205128	-0.0278	0.7672	0.93178446866485	0.1366
hsa-miR-4330	0.1165	0.2128	0.656834523809524	-0.0681	0.4678	0.862953153153153	0.1619
hsa-miR-4418	-0.1233	0.1874	0.656834523809524	-0.035	0.7094	0.915282649842271	0.1696
hsa-miR-4429-3p:Novel	0.0749	0.4243	0.780768161434978	0.0502	0.5928	0.885373454545455	0.1619
hsa-miR-4431	0.0692	0.4602	0.801465957446808	0.0549	0.5585	0.869589772727273	0.1132
hsa-miR-4436b-5p	-0.0873	0.3513	0.7184085	-0.1351	0.1483	0.784441025641026	0.1601
hsa-miR-4437	0.0762	0.4163	0.777660273972603	0.0626	0.5044	0.864694166666667	0.154
hsa-miR-4441	-0.0511	0.5859	0.88753	-0.0174	0.8528	0.940148787061995	0.1334
hsa-miR-4443-3p:Novel	0.1298	0.1648	0.635879245283019	0.0078	0.9337	0.979187948717949	0.1466
hsa-miR-4449	0.0028	0.9763	0.993300248756219	0.0298	0.751	0.93178446866485	0.135
hsa-miR-4451-5p:Novel	-0.0985	0.293	0.677045197740113	-0.1187	0.2045	0.808443925233645	0.185
hsa-miR-4452	0.0406	0.6651	0.934256849315068	0.1187	0.2043	0.808443925233645	0.1545
hsa-miR-4453-3p:Novel	-0.0149	0.874	0.981495128205128	0.0202	0.8297	0.93178446866485	0.148
hsa-miR-4466-3p:Novel	-0.2996	0.0011	0.08998	-0.2591	0.005	0.3681	0.31
hsa-miR-4472	0.0198	0.833	0.972860683760684	-0.0643	0.4928	0.864694166666667	0.1268
hsa-miR-4487	-0.0214	0.82	0.972860683760684	0.0764	0.4148	0.825865384615385	0.1506
hsa-miR-4488-3p:Novel	0.0694	0.4592	0.801465957446808	0.1169	0.2115	0.808443925233645	0.1477
hsa-miR-4489	-0.1489	0.1106	0.558461728395062	-0.0208	0.8246	0.93178446866485	0.2088
hsa-miR-4489-3p:Novel	0.1362	0.1448	0.587583168316832	0.1306	0.1623	0.788513953488372	0.1672
hsa-miR-4492-5p:Novel	0.0918	0.3272	0.699473469387755	0.1095	0.2418	0.810624590163934	0.1746
hsa-miR-4494	-0.0915	0.3285	0.699473469387755	-0.036	0.7014	0.910706666666667	0.1502
hsa-miR-4497	-0.111	0.2357	0.656834523809524	-0.0019	0.9841	0.992051105651106	0.1674
hsa-miR-4497-3p:Novel	-0.099	0.2903	0.674617613636364	-0.1334	0.1533	0.787940963855422	0.1539
hsa-miR-4505	0.0566	0.5461	0.858277946768061	0.1493	0.1096	0.75457536231884	0.1849
hsa-miR-4505-3p:Novel	-0.032	0.7335	0.956851592356688	-0.0777	0.4073	0.825865384615385	0.1866
hsa-miR-4506	-0.1495	0.1091	0.55777375	-0.1561	0.0942	0.75457536231884	0.2172
hsa-miR-4508-3p:Novel	0.2136	0.0213	0.343862962962963	0.1023	0.2747	0.816847887323944	0.1842
hsa-miR-4513-3p:Novel	0.0409	0.6632	0.934256849315068	-0.0545	0.5613	0.869589772727273	0.1443
hsa-miR-4516-3p:Novel	0.0808	0.3884	0.763728846153846	0.0623	0.5068	0.864694166666667	0.1492
hsa-miR-4520-3p	0.0463	0.6213	0.920694565217391	0.1476	0.1138	0.75457536231884	0.1895
hsa-miR-4527-3p:Novel	0.0097	0.9176	0.981495128205128	-0.0891	0.3417	0.825865384615385	0.155
hsa-miR-4528-5p:Novel	-0.0227	0.8091	0.972860683760684	0.0018	0.985	0.992051105651106	0.1431
hsa-miR-4534	0.0719	0.4432	0.792638427947598	0.0956	0.3074	0.822826708074534	0.1517
hsa-miR-4537-3p:Novel	0.0087	0.9261	0.981495128205128	-0.0278	0.7668	0.93178446866485	0.1113
hsa-miR-4632-5p	-0.1058	0.2585	0.656834523809524	-0.1508	0.106	0.75457536231884	0.231
hsa-miR-4634	0.0903	0.3352	0.699473469387755	-0.0016	0.9865	0.992051105651106	0.1451
hsa-miR-4651-3p:Novel	0.0149	0.8736	0.981495128205128	-0.0058	0.9512	0.984913417721519	0.1203
hsa-miR-4654	-0.0092	0.9222	0.981495128205128	0.0785	0.4023	0.825865384615385	0.1455
hsa-miR-4655-5p	-0.0118	0.9003	0.981495128205128	-0.0834	0.3733	0.825865384615385	0.136
hsa-miR-4666a-5p	-0.1311	0.1608	0.626354285714286	-0.1474	0.1144	0.75457536231884	0.184
hsa-miR-4674	-0.1795	0.0538	0.458420833333333	-0.0394	0.6749	0.899535275080906	0.1865
hsa-miR-4674-5p:Novel	-0.1618	0.0828	0.51545205479452	-0.1382	0.1389	0.784441025641026	0.2045
hsa-miR-4675	0.0169	0.8571	0.981495128205128	0.0593	0.5272	0.869589772727273	0.1236
hsa-miR-4682-3p:Novel	-0.2081	0.025	0.350376666666667	0.025	0.7899	0.93178446866485	0.2314
hsa-miR-4683	0.0277	0.7682	0.968008615384615	0	0.9999	0.9999	0.1047
hsa-miR-4690-5p	0	0.9996	0.9996	0.0045	0.9615	0.986110275689223	0.1337
hsa-miR-4693-3p	0.1001	0.2852	0.674617613636364	0.0498	0.5953	0.885373454545455	0.1947
hsa-miR-4695-5p	-0.109	0.2442	0.656834523809524	-0.1246	0.1826	0.79899595959596	0.1778
hsa-miR-4698	-0.018	0.848	0.981495128205128	-0.0416	0.6577	0.899535275080906	0.1682
hsa-miR-4700-5p	-0.0758	0.4187	0.778401363636364	-0.0456	0.6273	0.899535275080906	0.1277
hsa-miR-4713-3p	-0.0417	0.6567	0.934256849315068	0.0517	0.5814	0.880713333333333	0.127
hsa-miR-4725-5p	-0.0411	0.661	0.934256849315068	-0.0729	0.4366	0.842308490566038	0.1472
hsa-miR-4738-3p	0.104	0.2665	0.656834523809524	0.0234	0.8034	0.93178446866485	0.1471
hsa-miR-4739	0.1541	0.0985	0.52121282051282	0.1051	0.2614	0.812772180451128	0.1687
hsa-miR-4739-3p:Novel	-0.165	0.0768	0.505731746031746	0.0243	0.7955	0.93178446866485	0.1819
hsa-miR-4741	-0.0218	0.8166	0.972860683760684	0.1096	0.2416	0.810624590163934	0.1598
hsa-miR-4754-3p:Novel	0.0879	0.3481	0.7184085	0.1468	0.1159	0.75457536231884	0.1861
hsa-miR-4758-5p	-0.0385	0.6819	0.936869899665552	0.0844	0.3679	0.825865384615385	0.1292
hsa-miR-4767	-0.2398	0.0095	0.3272	-0.2574	0.0053	0.3681	0.2849
hsa-miR-4771-5p:Novel	-0.16	0.0862	0.51545205479452	-0.1082	0.2477	0.812772180451128	0.1867
hsa-miR-4784-3p:Novel	0.0204	0.8281	0.972860683760684	-0.0181	0.8467	0.938483197831978	0.108
hsa-miR-4785	-0.1428	0.1263	0.567656043956044	-0.1433	0.1249	0.75457536231884	0.2253
hsa-miR-4787-5p	0.0781	0.4048	0.77407037037037	0.0799	0.3939	0.825865384615385	0.1511
hsa-miR-484-3p:Novel	-0.093	0.3208	0.699473469387755	-0.0752	0.4226	0.826916587677725	0.1478
hsa-miR-5001-5p	-0.1432	0.1251	0.567656043956044	-0.1604	0.0853	0.75457536231884	0.1799
hsa-miR-5006-5p	-0.0639	0.4955	0.823277419354839	-0.0833	0.3737	0.825865384615385	0.1459
hsa-miR-501-3p	0.013	0.8896	0.981495128205128	0.0195	0.8351	0.93178446866485	0.1477
hsa-miR-504-5p	-0.1376	0.1406	0.586789795918367	-0.0623	0.5063	0.864694166666667	0.1766
hsa-miR-5090-3p:Novel	0.0907	0.3328	0.699473469387755	0.0211	0.8218	0.93178446866485	0.1285
hsa-miR-5091	-0.1721	0.0647	0.470696610169492	-0.1961	0.0349	0.679719047619048	0.1949
hsa-miR-5091-3p:Novel	0.1628	0.0808	0.51545205479452	0.21	0.0237	0.529655	0.22
hsa-miR-5092	-0.0543	0.5628	0.868623396226415	-0.0474	0.6135	0.890662765957447	0.1434
hsa-miR-5093	0.0111	0.9063	0.981495128205128	-0.0871	0.3523	0.825865384615385	0.1361
hsa-miR-5100	-0.0649	0.4891	0.823277419354839	-0.0858	0.3599	0.825865384615385	0.1727
hsa-miR-5189-3p	-0.0747	0.4257	0.780768161434978	0.1821	0.0504	0.710813793103448	0.2023
hsa-miR-5191	0.1545	0.0978	0.52121282051282	0.0499	0.5945	0.885373454545455	0.1935
hsa-miR-5193	-0.2201	0.0176	0.3323125	-0.0924	0.3239	0.822826708074534	0.2362
hsa-miR-5193-5p:Novel	0.0698	0.4568	0.801465957446808	0.0759	0.4181	0.825865384615385	0.1391
hsa-miR-5196-5p	0.1053	0.2607	0.656834523809524	-0.0394	0.6744	0.899535275080906	0.1799
hsa-miR-548aa, hsa-miR-548t-3p	-0.0718	0.4438	0.792638427947598	0.0314	0.738	0.93178446866485	0.1481
hsa-miR-548d-5p	-0.0448	0.6331	0.931431294964029	0.0248	0.7913	0.93178446866485	0.1361
hsa-miR-548i	-0.1102	0.2391	0.656834523809524	-0.0655	0.4849	0.864694166666667	0.1677
hsa-miR-550a-3-5p	-0.165	0.0768	0.505731746031746	-0.0943	0.3142	0.822826708074534	0.1479
hsa-miR-550a-3p	-0.1219	0.1922	0.656834523809524	-0.1451	0.1202	0.75457536231884	0.1709
hsa-miR-550b-3p	-0.1265	0.1761	0.656834523809524	-0.0813	0.3855	0.825865384615385	0.1437
hsa-miR-551a	-0.1578	0.0908	0.51545205479452	-0.1144	0.2216	0.810624590163934	0.1876
hsa-miR-557	0.2087	0.0245	0.350376666666667	0.043	0.6466	0.899535275080906	0.1556
hsa-miR-5572	-0.0318	0.7345	0.956851592356688	-0.0916	0.3282	0.825865384615385	0.1309
hsa-miR-5572-5p:Novel	-0.0587	0.5313	0.846805058365759	-0.0756	0.42	0.825865384615385	0.1387
hsa-miR-5691-3p:Novel	-0.0516	0.5823	0.885355762081784	0.0762	0.4162	0.825865384615385	0.1371
hsa-miR-5698	0.0196	0.8349	0.972860683760684	0.1181	0.2069	0.808443925233645	0.1718
hsa-miR-5706-3p:Novel	0.1273	0.1732	0.656834523809524	0.106	0.2572	0.812772180451128	0.1534
hsa-miR-572	-0.1338	0.1521	0.603969902912621	0.0113	0.9044	0.962902857142857	0.1996
hsa-miR-584-5p	0.0491	0.6008	0.900099633699634	-0.0296	0.7524	0.93178446866485	0.1572
hsa-miR-595-5p:Novel	-0.0625	0.505	0.82618	-0.0546	0.5605	0.869589772727273	0.1074
hsa-miR-598-5p	0.0105	0.9105	0.981495128205128	0.0501	0.5931	0.885373454545455	0.1704
hsa-miR-599	-0.1109	0.2358	0.656834523809524	-0.0214	0.8198	0.93178446866485	0.1706
hsa-miR-6068-3p:Novel	-0.1198	0.2	0.656834523809524	-0.0954	0.3081	0.822826708074534	0.1591
hsa-miR-6069-3p:Novel	0.1391	0.1363	0.583984536082474	0.093	0.3207	0.822826708074534	0.1723
hsa-miR-607	-0.2251	0.0151	0.3323125	-0.1826	0.0498	0.710813793103448	0.2463
hsa-miR-607-5p:Novel	-0.1137	0.2241	0.656834523809524	-0.1702	0.0678	0.75457536231884	0.2294
hsa-miR-6070-3p:Novel	-0.196	0.035	0.418348571428571	-0.2086	0.0247	0.529655	0.209
hsa-miR-6071	-0.094	0.3157	0.697952972972973	-0.0379	0.6865	0.900062179487179	0.1441
hsa-miR-6075	0.028	0.765	0.968008615384615	0.1225	0.1902	0.79899595959596	0.1845
hsa-miR-6076-3p:Novel	-0.0634	0.4992	0.823277419354839	-0.1537	0.0995	0.75457536231884	0.1745
hsa-miR-6077	-0.2248	0.0153	0.3323125	-0.187	0.0444	0.710813793103448	0.2385
hsa-miR-608-3p:Novel	-0.0842	0.3686	0.743856157635468	0.0837	0.3717	0.825865384615385	0.1774
hsa-miR-6081	-0.1951	0.0358	0.418348571428571	-0.1011	0.2803	0.816847887323944	0.1811
hsa-miR-6083	-0.1553	0.096	0.52121282051282	-0.0578	0.5375	0.869589772727273	0.1682
hsa-miR-6084-5p:Novel	-0.1222	0.1911	0.656834523809524	-0.0143	0.8787	0.948685751978892	0.1548
hsa-miR-6085	0.0395	0.6738	0.935570169491525	0.0282	0.7636	0.93178446866485	0.1675
hsa-miR-6085-5p:Novel	0.0439	0.6395	0.934126785714286	0.0333	0.7227	0.9274075	0.1277
hsa-miR-6089	-0.0579	0.5367	0.847530115830116	-0.0447	0.6339	0.899535275080906	0.1839
hsa-miR-6124-3p:Novel	0.1083	0.2471	0.656834523809524	0.0767	0.413	0.825865384615385	0.1479
hsa-miR-6125	0.0774	0.4088	0.77407037037037	0.0525	0.5759	0.878892164179104	0.1678
hsa-miR-6125-5p:Novel	-0.0238	0.7995	0.972860683760684	-0.0527	0.5741	0.878892164179104	0.1664
hsa-miR-6126-3p:Novel	0.0493	0.599	0.900099633699634	0.0174	0.8527	0.940148787061995	0.1366
hsa-miR-6127	0.0324	0.7299	0.956851592356688	0.0661	0.4805	0.864694166666667	0.1559
hsa-miR-6127-3p:Novel	0.1239	0.1851	0.656834523809524	0.1827	0.0497	0.710813793103448	0.1957
hsa-miR-6130	-0.1574	0.0915	0.51545205479452	-0.057	0.5434	0.869589772727273	0.1957
hsa-miR-6131	-0.2471	0.0075	0.30675	-0.2339	0.0115	0.435027272727273	0.2403
hsa-miR-6131-5p:Novel	-0.0634	0.4988	0.823277419354839	-0.0676	0.4707	0.863301793721973	0.1415
hsa-miR-6132	-0.1587	0.0888	0.51545205479452	-0.1095	0.2418	0.810624590163934	0.1799
hsa-miR-6165-3p:Novel	-0.3016	0.001	0.08998	-0.2483	0.0072	0.3681	0.2975
hsa-miR-617-3p:Novel	0.0441	0.6382	0.934126785714286	0.0214	0.8193	0.93178446866485	0.1541
hsa-miR-622	-0.1267	0.1755	0.656834523809524	-0.1007	0.2823	0.816847887323944	0.1647
hsa-miR-632	0.0197	0.8339	0.972860683760684	0.1313	0.1599	0.787940963855422	0.1564
hsa-miR-636	0.1054	0.2604	0.656834523809524	0.0801	0.3925	0.825865384615385	0.1432
hsa-miR-637	0.0404	0.667	0.934256849315068	0.0942	0.3144	0.822826708074534	0.1479
hsa-miR-638	-0.1855	0.0462	0.436886363636364	0.0037	0.9685	0.987821695760599	0.1756
hsa-miR-638-3p:Novel	-0.1457	0.1186	0.567656043956044	-0.0402	0.6682	0.899535275080906	0.2302
hsa-miR-639	0.0973	0.2988	0.679621666666667	0.1099	0.2404	0.810624590163934	0.162
hsa-miR-641-3p:Novel	0.0841	0.3692	0.743856157635468	0.009	0.9239	0.976421447028424	0.1591
hsa-miR-645	-0.0023	0.9802	0.994793548387097	1e-04	0.9989	0.9999	0.1204
hsa-miR-646	-0.1129	0.2277	0.656834523809524	-0.0357	0.7038	0.910931012658228	0.1581
hsa-miR-646-5p:Novel	-0.3197	5e-04	0.08998	-0.264	0.0042	0.3681	0.3133
hsa-miR-647-3p:Novel	0.1706	0.0672	0.470696610169492	0.1424	0.1273	0.75457536231884	0.2328
hsa-miR-650	0.1105	0.2378	0.656834523809524	0.1778	0.0562	0.741477419354839	0.1754
hsa-miR-6509-5p	-0.2508	0.0066	0.30675	-0.1891	0.042	0.710813793103448	0.2491
hsa-miR-6511a-3p	0.0338	0.7186	0.956851592356688	0.145	0.1204	0.75457536231884	0.1985
hsa-miR-6511b-5p	-0.0558	0.5519	0.858277946768061	-0.0024	0.9795	0.992051105651106	0.1692
hsa-miR-654-5p	-0.091	0.3315	0.699473469387755	0.0143	0.8791	0.948685751978892	0.1748
hsa-miR-655-5p	-0.0935	0.3181	0.699473469387755	-0.0525	0.5757	0.878892164179104	0.1563
hsa-miR-657-5p:Novel	-0.2072	0.0257	0.350376666666667	-0.0547	0.5596	0.869589772727273	0.234
hsa-miR-663a-3p:Novel	-0.1045	0.2644	0.656834523809524	-0.1266	0.1756	0.79899595959596	0.1643
hsa-miR-6717-3p:Novel	-0.1807	0.0522	0.458420833333333	-0.1638	0.0789	0.75457536231884	0.2408
hsa-miR-6717-5p	-0.282	0.0022	0.149966666666667	-0.1532	0.1005	0.75457536231884	0.2921
hsa-miR-6721-3p:Novel	-0.1122	0.2306	0.656834523809524	-0.029	0.7571	0.93178446866485	0.1992
hsa-miR-6724-3p:Novel	-0.1754	0.0597	0.460703773584906	-0.0811	0.3866	0.825865384615385	0.1798
hsa-miR-6724-5p	-0.1772	0.0571	0.460703773584906	-0.1425	0.127	0.75457536231884	0.2579
hsa-miR-6728-5p	-0.2006	0.0308	0.381733333333333	-0.0225	0.8102	0.93178446866485	0.208
hsa-miR-6731-5p	-0.1201	0.1992	0.656834523809524	-0.0932	0.3197	0.822826708074534	0.172
hsa-miR-6738-5p	-0.1234	0.1871	0.656834523809524	-0.0222	0.8133	0.93178446866485	0.1535
hsa-miR-6743-3p	-0.0019	0.9838	0.995975742574257	0.2124	0.0221	0.529655	0.2203
hsa-miR-6745-5p:Novel	-0.2115	0.0227	0.343862962962963	-0.187	0.0444	0.710813793103448	0.2324
hsa-miR-6756-5p	0.0086	0.927	0.981495128205128	-0.039	0.6775	0.899535275080906	0.1453
hsa-miR-6757-5p	0.0603	0.5205	0.838127952755905	0.1792	0.0542	0.738926666666667	0.1818
hsa-miR-6758-5p	0.0181	0.8467	0.981495128205128	-0.0631	0.501	0.864694166666667	0.1506
hsa-miR-6760-5p	-0.2047	0.0275	0.362822580645161	-0.1596	0.0871	0.75457536231884	0.2105
hsa-miR-6768-5p	-0.0552	0.5559	0.861223863636364	-0.0473	0.6141	0.890662765957447	0.1483
hsa-miR-6772-5p	0.0057	0.9515	0.982321158690176	-0.0388	0.6796	0.899535275080906	0.1461
hsa-miR-6773-5p	8e-04	0.9932	0.99808058968059	-0.0214	0.8194	0.93178446866485	0.1363
hsa-miR-6777-5p	0.0244	0.795	0.972860683760684	0.0522	0.5781	0.878969888475836	0.1472
hsa-miR-6778-5p	0.0597	0.5247	0.841577647058824	0.1169	0.2115	0.808443925233645	0.169
hsa-miR-6787-5p	-0.0852	0.3633	0.73925223880597	-0.0194	0.8361	0.93178446866485	0.1457
hsa-miR-6788-3p	0.0811	0.3866	0.763728846153846	0.1566	0.0932	0.75457536231884	0.1645
hsa-miR-6790-5p	-0.0077	0.935	0.981495128205128	-0.0581	0.5354	0.869589772727273	0.1396
hsa-miR-6802-5p	-0.2031	0.0288	0.3681	-0.1496	0.109	0.75457536231884	0.2255
hsa-miR-6805-5p	-0.0992	0.2894	0.674617613636364	-0.1364	0.1444	0.784441025641026	0.1875
hsa-miR-6829-5p	0.1231	0.1879	0.656834523809524	0.1731	0.0631	0.75457536231884	0.2014
hsa-miR-6832-5p	0.0131	0.8887	0.981495128205128	-0.0412	0.6609	0.899535275080906	0.1579
hsa-miR-6838-5p	-0.1537	0.0994	0.52121282051282	-0.0655	0.4847	0.864694166666667	0.1826
hsa-miR-6849-5p	-0.1203	0.1983	0.656834523809524	-0.0601	0.5218	0.869589772727273	0.1517
hsa-miR-6867-5p	-0.0293	0.7551	0.962105607476636	-0.0779	0.4061	0.825865384615385	0.1396
hsa-miR-6869-5p	-0.1432	0.125	0.567656043956044	-0.1713	0.0659	0.75457536231884	0.2066
hsa-miR-6871-3p	0.0141	0.8807	0.981495128205128	0.1116	0.2329	0.810624590163934	0.1404
hsa-miR-6871-5p	0.0328	0.727	0.956851592356688	0.0745	0.4266	0.826916587677725	0.131
hsa-miR-6874-5p	0.0305	0.7452	0.958906269592476	-0.0234	0.8031	0.93178446866485	0.127
hsa-miR-6879-5p	-0.3291	3e-04	0.08998	-0.2553	0.0057	0.3681	0.3075
hsa-miR-6880-5p	-0.0909	0.3317	0.699473469387755	-0.1062	0.2566	0.812772180451128	0.1751
hsa-miR-6884-5p	-0.0645	0.4913	0.823277419354839	0.0591	0.5287	0.869589772727273	0.153
hsa-miR-6895-3p	0.0242	0.7966	0.972860683760684	0.0636	0.4973	0.864694166666667	0.1139
hsa-miR-7108-5p	0.1598	0.0865	0.51545205479452	0.1325	0.1562	0.787940963855422	0.1755
hsa-miR-711	-0.1215	0.1937	0.656834523809524	-0.1472	0.1147	0.75457536231884	0.1827
hsa-miR-7113-5p	-0.0778	0.4062	0.77407037037037	-0.0566	0.5463	0.869589772727273	0.1388
hsa-miR-7161-3p	0.1045	0.2645	0.656834523809524	0.0551	0.5568	0.869589772727273	0.1641
hsa-miR-718	0.032	0.7327	0.956851592356688	0.041	0.6622	0.899535275080906	0.1693
hsa-miR-7515-5p:Novel	-0.0117	0.901	0.981495128205128	0.0643	0.4931	0.864694166666667	0.1546
hsa-miR-760	-0.1078	0.2494	0.656834523809524	0.0058	0.9504	0.984913417721519	0.1745
hsa-miR-765-5p:Novel	0.1113	0.2342	0.656834523809524	0.1499	0.1083	0.75457536231884	0.1703
hsa-miR-770-3p:Novel	0.1245	0.183	0.656834523809524	0.0761	0.417	0.825865384615385	0.1484
hsa-miR-7704-3p:Novel	0.0409	0.6631	0.934256849315068	0.094	0.3156	0.822826708074534	0.1587
hsa-miR-7844-3p:Novel	-0.0611	0.515	0.835853174603175	0.0817	0.3833	0.825865384615385	0.1758
hsa-miR-7845-3p:Novel	-0.2652	0.004	0.233714285714286	-0.1492	0.1099	0.75457536231884	0.2574
hsa-miR-7847-5p:Novel	-0.0895	0.3392	0.704227411167513	-0.1321	0.1574	0.787940963855422	0.1735
hsa-miR-7851-3p	0.1871	0.0444	0.432371428571429	0.0306	0.7441	0.93178446866485	0.1875
hsa-miR-7851-5p:Novel	0.1241	0.1845	0.656834523809524	0.0398	0.6713	0.899535275080906	0.1629
hsa-miR-8053	-0.1884	0.0429	0.432371428571429	-0.1119	0.2318	0.810624590163934	0.2065
hsa-miR-8057-3p:Novel	-0.1439	0.1232	0.567656043956044	-0.1229	0.1888	0.79899595959596	0.1743
hsa-miR-8072	0.0408	0.6637	0.934256849315068	0.0698	0.4567	0.8589	0.1534
hsa-miR-8072-3p:Novel	-0.0164	0.8616	0.981495128205128	0.0161	0.8636	0.947152139037433	0.1549
hsa-miR-8074	-0.2222	0.0165	0.3323125	-0.2782	0.0025	0.3681	0.2931
hsa-miR-8077	0.064	0.4951	0.823277419354839	0.0482	0.6073	0.890271326164874	0.1688
hsa-miR-8079-3p:Novel	-0.0434	0.6434	0.934256849315068	-0.0569	0.544	0.869589772727273	0.1533
hsa-miR-8080	-0.0339	0.7182	0.956851592356688	-0.0251	0.7889	0.93178446866485	0.1412
hsa-miR-8082-3p:Novel	0.0469	0.6173	0.918093454545455	0.0081	0.9314	0.979187948717949	0.1364
hsa-miR-8083-3p:Novel	-0.0522	0.5778	0.881791791044776	0.0581	0.5353	0.869589772727273	0.1424
hsa-miR-8085-3p:Novel	0.0334	0.7223	0.956851592356688	0.0243	0.7958	0.93178446866485	0.1209
hsa-miR-8086	-0.0087	0.9259	0.981495128205128	-0.0059	0.9498	0.984913417721519	0.1259
hsa-miR-922	-0.079	0.3994	0.77407037037037	-0.1426	0.1268	0.75457536231884	0.1746
hsa-miR-922-5p:Novel	-0.0197	0.834	0.972860683760684	0.0453	0.6294	0.899535275080906	0.1425
hsa-miR-92a-3p	-0.0125	0.8938	0.981495128205128	0.2166	0.0195	0.529655	0.225
hsa-miR-92b-5p	0.0992	0.2894	0.674617613636364	0.0643	0.4927	0.864694166666667	0.133
hsa-miR-935	0.1849	0.047	0.436886363636364	0.0759	0.4178	0.825865384615385	0.2106
hsa-miR-935-5p:Novel	-0.1036	0.2682	0.656834523809524	-0.0558	0.5521	0.869589772727273	0.155
hsa-miR-940	0.0381	0.6849	0.936869899665552	0.1076	0.2501	0.812772180451128	0.1729
hsa-miR-943-5p:Novel	0.1784	0.0553	0.460703773584906	0.1356	0.1468	0.784441025641026	0.1952
hsa-miR-944-5p:Novel	-0.0051	0.9569	0.983346984924623	0.0706	0.4516	0.855112962962963	0.149
hsa-miR-9898-5p:Novel	-0.0824	0.3792	0.760258823529412	-0.0867	0.3546	0.825865384615385	0.1491
hsa-miR-9899-5p:Novel	0.0043	0.9633	0.98569	0.0683	0.4664	0.862953153153153	0.1373
hsa-miR-9901	-0.0561	0.55	0.858277946768061	0.015	0.8728	0.948685751978892	0.168
hsa-miR-9901-3p:Novel	-0.1505	0.1068	0.552926582278481	-0.1429	0.1261	0.75457536231884	0.1785
