miRNA	SC	SC.p	SC.fdr	PC	PC.p	PC.fdr	DC
hsa-let-7a-3p	-0.1283	0.0647	0.903897058823529	-0.0932	0.1804	0.638465517241379	0.1149
hsa-let-7a-5p	0.013	0.8526	0.982973300970874	0.0092	0.8946	0.9796875	0.1098
hsa-let-7b-5p	-0.1398	0.044	0.898981481481481	-0.0973	0.1619	0.60525390625	0.1202
hsa-let-7i-5p	-0.0224	0.7484	0.97922181372549	-0.0927	0.183	0.638465517241379	0.1141
hsa-miR-10392-5p	0.1028	0.1396	0.969370567375887	0.0145	0.8356	0.956409638554217	0.1885
hsa-miR-10397-3p	-0.0574	0.4106	0.969370567375887	-0.1179	0.09	0.60525390625	0.1391
hsa-miR-10400-5p	-0.0521	0.4546	0.969370567375887	-0.0678	0.3305	0.751136363636364	0.1087
hsa-miR-10401-5p	-0.0183	0.793	0.97922181372549	0.0321	0.6452	0.910138888888889	0.103
hsa-miR-10523-3p:Novel	0.0092	0.895	0.989656976744186	-0.008	0.9088	0.9796875	0.1221
hsa-miR-106b-5p	-0.0261	0.7087	0.97922181372549	-0.0155	0.8238	0.952080291970803	0.1266
hsa-miR-11399-3p:Novel	0.0568	0.4154	0.969370567375887	-0.0151	0.8291	0.953565375302663	0.1189
hsa-miR-1181-3p:Novel	-0.1204	0.0832	0.925170454545454	-0.0793	0.2547	0.679329608938548	0.1362
hsa-miR-1184	-0.0657	0.346	0.969370567375887	-0.1105	0.1121	0.60525390625	0.1619
hsa-miR-1193-3p:Novel	-0.0401	0.5657	0.969370567375887	-0.0072	0.9181	0.9796875	0.1418
hsa-miR-1202	-0.232	7e-04	0.2375	-0.166	0.0165	0.461029411764706	0.2529
hsa-miR-1202-3p:Novel	-0.0988	0.1557	0.969370567375887	0.0181	0.7957	0.94489375	0.1144
hsa-miR-1203	0.0395	0.5714	0.969370567375887	0.1644	0.0176	0.464444444444444	0.1887
hsa-miR-12114-3p:Novel	6e-04	0.9935	0.996598101265823	-0.0604	0.3861	0.78263829787234	0.1161
hsa-miR-12117-3p:Novel	0.0563	0.4196	0.969370567375887	0.0074	0.916	0.9796875	0.1338
hsa-miR-12118-3p:Novel	0.0071	0.9189	0.994253986332574	8e-04	0.9905	0.994688160676533	0.1362
hsa-miR-12119	0.0507	0.4672	0.969370567375887	0.0327	0.6396	0.910138888888889	0.1216
hsa-miR-12120-3p:Novel	0.0012	0.9862	0.996598101265823	0.0649	0.3517	0.762364253393665	0.1057
hsa-miR-12121	0.0155	0.8238	0.97922181372549	0.0258	0.7113	0.920248655913979	0.0888
hsa-miR-12123	0.0759	0.2758	0.969370567375887	0.0887	0.2026	0.640077160493827	0.1295
hsa-miR-12124-5p:Novel	0.045	0.5185	0.969370567375887	-0.0393	0.5729	0.891633986928105	0.1236
hsa-miR-12126-5p:Novel	-0.0157	0.8218	0.97922181372549	0.0259	0.71	0.920248655913979	0.1266
hsa-miR-12127	-0.0061	0.9307	0.995847826086956	-0.0436	0.5313	0.876276041666667	0.1278
hsa-miR-12128	0.0151	0.8288	0.97922181372549	0.0431	0.5366	0.881100682593857	0.1013
hsa-miR-12136	-0.0608	0.3829	0.969370567375887	-0.0857	0.2183	0.640077160493827	0.119
hsa-miR-12136-3p:Novel	-0.0395	0.571	0.969370567375887	-0.0467	0.5029	0.859271582733813	0.1093
hsa-miR-122-5p	-0.0544	0.4355	0.969370567375887	-0.0986	0.1563	0.60525390625	0.1383
hsa-miR-1229-5p	-0.0374	0.5914	0.978797909407666	-0.0579	0.4061	0.807102510460251	0.0972
hsa-miR-1231	-0.0352	0.6132	0.97922181372549	0.0211	0.7626	0.937390463917526	0.1196
hsa-miR-1231-3p:Novel	0.0606	0.3847	0.969370567375887	0.0343	0.6228	0.904678899082569	0.1437
hsa-miR-1233-3p	0.0496	0.4767	0.969370567375887	0.0774	0.2663	0.691215846994535	0.1624
hsa-miR-124-5p	-0.1202	0.0839	0.925170454545454	-0.029	0.6774	0.916643258426966	0.1381
hsa-miR-1246-3p:Novel	-0.1025	0.1408	0.969370567375887	-0.1075	0.1224	0.60525390625	0.1628
hsa-miR-1250-5p	6e-04	0.993	0.996598101265823	0.0273	0.6955	0.920248655913979	0.1062
hsa-miR-1257	0.0549	0.4313	0.969370567375887	-0.0098	0.8884	0.9796875	0.1048
hsa-miR-1257-3p:Novel	-0.0192	0.7833	0.97922181372549	-0.0548	0.4314	0.819655511811024	0.1416
hsa-miR-125b-5p	0.0477	0.4938	0.969370567375887	-0.0671	0.3359	0.759773809523809	0.1248
hsa-miR-1260a-3p:Novel	-0.1776	0.0103	0.543611111111111	0.0173	0.8037	0.944944306930693	0.1536
hsa-miR-1260b	-0.0437	0.5306	0.969370567375887	-0.1022	0.1418	0.60525390625	0.1565
hsa-miR-1267-3p:Novel	-0.0999	0.151	0.969370567375887	-0.1311	0.0591	0.60525390625	0.1729
hsa-miR-1272	0.0642	0.3572	0.969370567375887	-0.0858	0.2179	0.640077160493827	0.1415
hsa-miR-1272-3p:Novel	9e-04	0.9897	0.996598101265823	-0.0252	0.7181	0.920248655913979	0.1009
hsa-miR-1275-3p:Novel	-0.0485	0.4862	0.969370567375887	-0.0977	0.1605	0.60525390625	0.1255
hsa-miR-128-3p	0.0628	0.3674	0.969370567375887	-0.027	0.6983	0.920248655913979	0.1261
hsa-miR-1281	0.0214	0.7592	0.97922181372549	-0.0189	0.7868	0.942462216624685	0.1049
hsa-miR-1284	0.0505	0.4687	0.969370567375887	0.0483	0.4885	0.859271582733813	0.099
hsa-miR-1285-3p	-0.0247	0.7236	0.97922181372549	-0.1216	0.0803	0.60525390625	0.1422
hsa-miR-1287-5p	-0.1046	0.1327	0.969370567375887	-0.1081	0.1201	0.60525390625	0.1404
hsa-miR-1288-5p	0.1231	0.0764	0.925170454545454	0.2098	0.0024	0.1425	0.1957
hsa-miR-1290-5p:Novel	-0.1637	0.0181	0.698928571428571	-0.1173	0.0915	0.60525390625	0.1611
hsa-miR-1291-3p:Novel	-0.0523	0.4535	0.969370567375887	0.0568	0.4151	0.811604938271605	0.1597
hsa-miR-1293	0.1389	0.0454	0.898981481481481	0.1226	0.0776	0.60525390625	0.1672
hsa-miR-1294	0.109	0.1172	0.969370567375887	0.182	0.0085	0.310576923076923	0.2087
hsa-miR-1302	-0.1219	0.0794	0.925170454545454	-0.1136	0.1023	0.60525390625	0.1486
hsa-miR-1306-3p	0.1363	0.0497	0.898981481481481	0.0719	0.3021	0.728413705583756	0.1382
hsa-miR-1307-3p	-0.0734	0.292	0.969370567375887	-0.1247	0.0728	0.60525390625	0.1546
hsa-miR-1324	-0.0127	0.8556	0.984043583535109	-0.0455	0.5138	0.868523131672598	0.0973
hsa-miR-137-3p	-0.0028	0.9678	0.996598101265823	-0.1103	0.1127	0.60525390625	0.1417
hsa-miR-143-3p	0.0212	0.7617	0.97922181372549	-0.1017	0.1436	0.60525390625	0.1324
hsa-miR-1469-3p:Novel	-0.2259	0.001	0.2375	-0.1544	0.026	0.588095238095238	0.2049
hsa-miR-148a-3p	-0.1054	0.1298	0.969370567375887	-0.0868	0.2128	0.640077160493827	0.1093
hsa-miR-149-3p	0.014	0.8411	0.97922181372549	-0.0933	0.1802	0.638465517241379	0.1098
hsa-miR-151a-3p	-0.0164	0.814	0.97922181372549	-0.0909	0.1915	0.638465517241379	0.1279
hsa-miR-152-3p	-0.0722	0.3004	0.969370567375887	-0.0927	0.1827	0.638465517241379	0.1391
hsa-miR-1587-3p:Novel	0.0881	0.2055	0.969370567375887	-0.0709	0.3086	0.739408866995074	0.1388
hsa-miR-181b-5p	0.027	0.6991	0.97922181372549	0.2254	0.0011	0.114	0.1777
hsa-miR-181c-3p	-0.0501	0.472	0.969370567375887	0.0061	0.93	0.9796875	0.1298
hsa-miR-182-3p	0.0462	0.5075	0.969370567375887	0.0306	0.6613	0.915794460641399	0.0982
hsa-miR-182-5p	-0.0903	0.1943	0.969370567375887	-0.0956	0.1695	0.619326923076923	0.1636
hsa-miR-1910-3p	-0.0717	0.3034	0.969370567375887	-0.0875	0.2086	0.640077160493827	0.1306
hsa-miR-1913	-0.0147	0.8334	0.97922181372549	-0.0327	0.6387	0.910138888888889	0.1073
hsa-miR-192-5p	-0.1713	0.0134	0.6365	-0.1086	0.1183	0.60525390625	0.1358
hsa-miR-194-1-3p:Novel	-0.1788	0.0098	0.543611111111111	-0.109	0.1169	0.60525390625	0.1444
hsa-miR-194-3p	-0.1993	0.0039	0.463125	-0.1121	0.1069	0.60525390625	0.1494
hsa-miR-194-5p	-0.0509	0.4651	0.969370567375887	-0.0796	0.253	0.679329608938548	0.1425
hsa-miR-197-5p	-0.0774	0.2667	0.969370567375887	-0.098	0.1593	0.60525390625	0.1474
hsa-miR-199a-3p, hsa-miR-199b-3p	-0.0185	0.7905	0.97922181372549	-0.1085	0.1188	0.60525390625	0.1279
hsa-miR-200a-3p	-0.1023	0.1415	0.969370567375887	-0.115	0.098	0.60525390625	0.1422
hsa-miR-200b-3p	-0.1876	0.0067	0.538333333333333	-0.1032	0.1379	0.60525390625	0.1298
hsa-miR-200c-3p	-0.1678	0.0154	0.665	-0.1083	0.1193	0.60525390625	0.1368
hsa-miR-206-5p:Novel	0.0597	0.3915	0.969370567375887	0.0659	0.3445	0.762364253393665	0.1269
hsa-miR-21-5p	-0.1177	0.0904	0.954222222222222	-0.1118	0.1079	0.60525390625	0.1405
hsa-miR-2110	0.0967	0.1646	0.969370567375887	0.2176	0.0016	0.126666666666667	0.2218
hsa-miR-2110-3p:Novel	0.0381	0.585	0.975	0.0359	0.6064	0.899705882352941	0.1227
hsa-miR-2114-5p	0.1195	0.0857	0.925170454545454	0.2763	1e-04	0.02375	0.2602
hsa-miR-215-5p	-0.1476	0.0334	0.889305555555556	-0.1037	0.136	0.60525390625	0.1286
hsa-miR-219a-5p	-0.0265	0.7043	0.97922181372549	-0.058	0.4053	0.807102510460251	0.1252
hsa-miR-2278-3p:Novel	0.0079	0.9095	0.993162100456621	0.0571	0.4123	0.811604938271605	0.1259
hsa-miR-2392	0.0942	0.1757	0.969370567375887	-0.0048	0.9457	0.9796875	0.1331
hsa-miR-23c	0.0412	0.5548	0.969370567375887	0.0935	0.1792	0.638465517241379	0.1366
hsa-miR-2681-3p	-0.016	0.8181	0.97922181372549	0.0285	0.6832	0.916643258426966	0.11
hsa-miR-2861	-0.0875	0.2088	0.969370567375887	-0.0907	0.1925	0.638465517241379	0.1514
hsa-miR-2861-5p:Novel	-0.0151	0.8282	0.97922181372549	-0.1241	0.0741	0.60525390625	0.1598
hsa-miR-2909-3p:Novel	0.027	0.6983	0.97922181372549	0.0405	0.561	0.884097682119205	0.1022
hsa-miR-300	0.0728	0.2957	0.969370567375887	0.0738	0.2897	0.710051546391753	0.1235
hsa-miR-3064-5p	-0.0313	0.6534	0.97922181372549	-0.0265	0.7044	0.920248655913979	0.1123
hsa-miR-3085-5p	0.0226	0.7459	0.97922181372549	-0.0696	0.3178	0.739609756097561	0.1055
hsa-miR-30c-5p	0.0019	0.9783	0.996598101265823	0.0298	0.6694	0.916643258426966	0.1472
hsa-miR-3125	-0.0468	0.5023	0.969370567375887	-0.0803	0.249	0.679329608938548	0.1331
hsa-miR-3127-5p	-0.0273	0.6957	0.97922181372549	-0.0725	0.2981	0.726141025641026	0.1103
hsa-miR-3130-3p	0.054	0.4389	0.969370567375887	0.0415	0.5521	0.884097682119205	0.1316
hsa-miR-3136-5p	0.133	0.0556	0.903897058823529	0.1506	0.0299	0.60525390625	0.1667
hsa-miR-3137	0.0209	0.7647	0.97922181372549	-0.1078	0.1213	0.60525390625	0.1515
hsa-miR-3137-3p:Novel	-0.0113	0.8711	0.98945107398568	-0.0199	0.7753	0.938517811704835	0.1047
hsa-miR-3138-5p:Novel	0.0628	0.3676	0.969370567375887	0.1059	0.1278	0.60525390625	0.1535
hsa-miR-3141-3p:Novel	-0.002	0.9775	0.996598101265823	-0.0864	0.2146	0.640077160493827	0.1432
hsa-miR-3154	-0.0172	0.805	0.97922181372549	0.0971	0.1629	0.60525390625	0.1423
hsa-miR-3154-5p:Novel	-0.0522	0.454	0.969370567375887	0.0547	0.433	0.819655511811024	0.1394
hsa-miR-3155a	0.057	0.4137	0.969370567375887	-0.0039	0.955	0.9796875	0.1474
hsa-miR-3155b	0.0534	0.4437	0.969370567375887	0.0259	0.7107	0.920248655913979	0.1518
hsa-miR-3156-3p	-0.0685	0.3257	0.969370567375887	0.0349	0.6163	0.902646153846154	0.1504
hsa-miR-3160-3p	-0.0059	0.9323	0.995847826086956	-0.1063	0.1264	0.60525390625	0.1331
hsa-miR-3160-5p	0.0233	0.7383	0.97922181372549	-0.1033	0.1375	0.60525390625	0.1221
hsa-miR-3168-3p:Novel	-0.0574	0.4101	0.969370567375887	-0.1346	0.0525	0.60525390625	0.1442
hsa-miR-3169	0.0417	0.5498	0.969370567375887	0.1171	0.092	0.60525390625	0.1574
hsa-miR-3170	-0.0492	0.48	0.969370567375887	0.0904	0.1939	0.638465517241379	0.1305
hsa-miR-3170-3p:Novel	0.089	0.201	0.969370567375887	-0.0312	0.6544	0.910138888888889	0.1136
hsa-miR-3176-5p:Novel	-0.0772	0.2676	0.969370567375887	-0.077	0.2689	0.694013513513513	0.1386
hsa-miR-3178-3p:Novel	-0.0796	0.2532	0.969370567375887	-0.1332	0.0552	0.60525390625	0.1371
hsa-miR-3180	-0.034	0.6263	0.97922181372549	-0.0615	0.3772	0.78263829787234	0.1399
hsa-miR-3180-3p	-0.0746	0.2843	0.969370567375887	-0.143	0.0393	0.60525390625	0.1545
hsa-miR-3180-4-3p:Novel, hsa-miR-3180-5-3p:Novel	-0.0661	0.3431	0.969370567375887	-0.0404	0.5621	0.884097682119205	0.138
hsa-miR-3180-5p	0.0529	0.4478	0.969370567375887	0.0449	0.52	0.870554577464789	0.1204
hsa-miR-3185-3p:Novel	-0.0116	0.8674	0.98945107398568	0.1889	0.0063	0.257291666666667	0.1678
hsa-miR-3190-3p	-0.133	0.0555	0.903897058823529	-0.1273	0.0669	0.60525390625	0.1521
hsa-miR-3195	-0.0962	0.1669	0.969370567375887	-0.1158	0.0958	0.60525390625	0.1323
hsa-miR-3195-3p:Novel	0.0465	0.5047	0.969370567375887	-0.0191	0.7842	0.942462216624685	0.118
hsa-miR-3196-3p:Novel	-0.0093	0.8941	0.989656976744186	-0.1213	0.0808	0.60525390625	0.1342
hsa-miR-3197	-0.0118	0.8655	0.98945107398568	-0.0017	0.9805	0.99093085106383	0.1075
hsa-miR-320a-3p	-0.022	0.7524	0.97922181372549	-0.1166	0.0934	0.60525390625	0.1469
hsa-miR-320c	0.0335	0.6307	0.97922181372549	0.0608	0.3834	0.78263829787234	0.1181
hsa-miR-320d	-0.0509	0.4653	0.969370567375887	0.0212	0.7614	0.937390463917526	0.1147
hsa-miR-320d-1-5p:Novel	0.0733	0.2927	0.969370567375887	0.0235	0.736	0.932266666666667	0.1148
hsa-miR-320e-5p:Novel	0.0466	0.5041	0.969370567375887	0.0401	0.5648	0.885412541254125	0.105
hsa-miR-323a-5p	-0.086	0.2167	0.969370567375887	-0.155	0.0254	0.588095238095238	0.17
hsa-miR-326-5p:Novel	-0.0445	0.5233	0.969370567375887	-0.0053	0.9392	0.9796875	0.098
hsa-miR-338-3p	-0.0965	0.1657	0.969370567375887	-0.1624	0.0191	0.4775	0.158
hsa-miR-345-3p	-0.0529	0.4478	0.969370567375887	-0.1174	0.0914	0.60525390625	0.1592
hsa-miR-3605-5p	-0.0803	0.2489	0.969370567375887	-0.1363	0.0497	0.60525390625	0.1494
hsa-miR-3615-5p:Novel	-0.2172	0.0016	0.253333333333333	-0.1452	0.0364	0.60525390625	0.1863
hsa-miR-3619-3p	0.0293	0.6742	0.97922181372549	4e-04	0.9957	0.9975	0.1054
hsa-miR-3621-3p:Novel	0.0037	0.9576	0.995847826086956	0.1249	0.0723	0.60525390625	0.1619
hsa-miR-3622a-5p	0.0053	0.939	0.995847826086956	0.0061	0.9303	0.9796875	0.1096
hsa-miR-3648	0.0457	0.5126	0.969370567375887	-0.0861	0.2161	0.640077160493827	0.1321
hsa-miR-3648-3p:Novel	-0.0446	0.5226	0.969370567375887	0.133	0.0555	0.60525390625	0.1527
hsa-miR-3652-3p:Novel	-0.0383	0.5831	0.975	0.0038	0.9567	0.9796875	0.1322
hsa-miR-3665-3p:Novel	-0.0487	0.4848	0.969370567375887	-0.1233	0.0759	0.60525390625	0.1383
hsa-miR-3668-3p:Novel	0.1394	0.0447	0.898981481481481	0.1086	0.1185	0.60525390625	0.173
hsa-miR-3682-3p	-0.1027	0.14	0.969370567375887	-0.0658	0.3452	0.762364253393665	0.2037
hsa-miR-3689d-3p:Novel	-0.0204	0.7696	0.97922181372549	0.0249	0.7207	0.920248655913979	0.0903
hsa-miR-3714-3p:Novel	0.0362	0.6036	0.97922181372549	0.0053	0.9396	0.9796875	0.1066
hsa-miR-371a-3p	0.0043	0.9508	0.995847826086956	0.0791	0.256	0.679329608938548	0.1431
hsa-miR-371a-5p	-0.0573	0.4114	0.969370567375887	-0.0651	0.3503	0.762364253393665	0.1372
hsa-miR-378a-3p	-0.0768	0.2701	0.969370567375887	-0.1049	0.1317	0.60525390625	0.1278
hsa-miR-378h	-0.0135	0.8467	0.980932926829268	-0.0371	0.595	0.899503154574132	0.1175
hsa-miR-378h-3p:Novel	0.0534	0.4433	0.969370567375887	0.1445	0.0373	0.60525390625	0.1326
hsa-miR-378i	0.0149	0.8312	0.97922181372549	0.0346	0.6202	0.903665644171779	0.1081
hsa-miR-378i-3p:Novel	-0.0201	0.7733	0.97922181372549	-0.0702	0.3135	0.739408866995074	0.1029
hsa-miR-378j-3p:Novel	0.0154	0.8258	0.97922181372549	-0.0255	0.7148	0.920248655913979	0.108
hsa-miR-3907	0.0401	0.565	0.969370567375887	-0.0558	0.4234	0.819655511811024	0.1201
hsa-miR-3907-5p:Novel	-0.0082	0.9067	0.993162100456621	-0.0166	0.8118	0.949068627450981	0.1001
hsa-miR-3911-3p:Novel	-0.0392	0.5738	0.969370567375887	0.0417	0.55	0.884097682119205	0.1298
hsa-miR-3916-3p:Novel	-0.0327	0.6396	0.97922181372549	-0.0209	0.7648	0.937390463917526	0.1098
hsa-miR-3920	-0.0317	0.6499	0.97922181372549	-0.0531	0.4461	0.827724609375	0.1033
hsa-miR-3920-5p:Novel	-0.0221	0.7509	0.97922181372549	-0.0051	0.9415	0.9796875	0.1219
hsa-miR-3928-3p	0.0609	0.3819	0.969370567375887	-0.0076	0.9127	0.9796875	0.1126
hsa-miR-3934-3p	-0.044	0.5281	0.969370567375887	-0.0358	0.6081	0.899705882352941	0.1549
hsa-miR-3935	-0.0133	0.8492	0.981435523114355	-0.0694	0.3192	0.739609756097561	0.1096
hsa-miR-3943-3p:Novel	0.0056	0.9356	0.995847826086956	-0.0699	0.316	0.739408866995074	0.1076
hsa-miR-3960	0.0039	0.955	0.995847826086956	-0.1282	0.0649	0.60525390625	0.1673
hsa-miR-3960-5p:Novel	-0.0101	0.885	0.989656976744186	-0.0684	0.3259	0.747838164251208	0.1255
hsa-miR-3972	0.0172	0.8054	0.97922181372549	-0.068	0.3288	0.750865384615385	0.1124
hsa-miR-3972-5p:Novel	0.0391	0.5755	0.969370567375887	-0.0039	0.9559	0.9796875	0.1136
hsa-miR-3976	0.0782	0.2617	0.969370567375887	0.0163	0.8152	0.949068627450981	0.1234
hsa-miR-3976-3p:Novel	-0.0554	0.4266	0.969370567375887	-0.1221	0.079	0.60525390625	0.1466
hsa-miR-422a	-0.0691	0.3212	0.969370567375887	-0.0606	0.3846	0.78263829787234	0.1202
hsa-miR-423-5p	-0.0506	0.4681	0.969370567375887	-0.1004	0.1491	0.60525390625	0.1495
hsa-miR-425-3p	-0.0987	0.1559	0.969370567375887	0.0135	0.8466	0.966477272727273	0.1392
hsa-miR-4252	-0.029	0.6771	0.97922181372549	0.023	0.7417	0.936988031914894	0.1318
hsa-miR-4254	0.0269	0.6997	0.97922181372549	0.0603	0.3872	0.78263829787234	0.1395
hsa-miR-4254-5p:Novel	0.0502	0.4714	0.969370567375887	0.0863	0.215	0.640077160493827	0.1202
hsa-miR-4258-3p:Novel	-0.0535	0.4427	0.969370567375887	-0.0768	0.2703	0.694013513513513	0.1076
hsa-miR-4259	0.0051	0.9422	0.995847826086956	-0.0869	0.212	0.640077160493827	0.1327
hsa-miR-4259-5p:Novel	0.0459	0.5105	0.969370567375887	0.026	0.7092	0.920248655913979	0.1135
hsa-miR-4274	-0.06	0.3895	0.969370567375887	-0.0777	0.2645	0.690315934065934	0.1161
hsa-miR-4276-3p:Novel	-0.0917	0.1879	0.969370567375887	-0.0065	0.9256	0.9796875	0.1322
hsa-miR-4277	-0.0155	0.8244	0.97922181372549	0.0545	0.4341	0.819655511811024	0.1267
hsa-miR-4281	0.0549	0.4308	0.969370567375887	0.0226	0.7457	0.937390463917526	0.1322
hsa-miR-4283	0.1205	0.0831	0.925170454545454	0.0436	0.5313	0.876276041666667	0.13
hsa-miR-4283-3p:Novel	0.109	0.1169	0.969370567375887	0.1238	0.0749	0.60525390625	0.1446
hsa-miR-4284-3p:Novel	-0.0403	0.5631	0.969370567375887	0.0273	0.6952	0.920248655913979	0.1218
hsa-miR-4285-3p:Novel	0.0217	0.7552	0.97922181372549	-0.0704	0.312	0.739408866995074	0.1274
hsa-miR-4286-3p:Novel	-0.0319	0.647	0.97922181372549	-0.0632	0.3648	0.773995535714286	0.1224
hsa-miR-4290	0.0479	0.4922	0.969370567375887	0.0405	0.5616	0.884097682119205	0.1254
hsa-miR-4290-5p:Novel	0.0815	0.2419	0.969370567375887	0.0284	0.6834	0.916643258426966	0.1368
hsa-miR-4302-3p:Novel	-0.0756	0.2775	0.969370567375887	-0.0746	0.2845	0.707526178010471	0.1495
hsa-miR-4306-5p:Novel	-0.0212	0.7614	0.97922181372549	-0.0496	0.4766	0.851071428571429	0.1021
hsa-miR-4309	-0.0323	0.6429	0.97922181372549	-0.1216	0.0802	0.60525390625	0.1376
hsa-miR-4309-3p:Novel	-0.062	0.3739	0.969370567375887	-0.1082	0.1197	0.60525390625	0.1269
hsa-miR-4311	-0.1077	0.1216	0.969370567375887	-0.1238	0.0748	0.60525390625	0.1864
hsa-miR-4311-3p:Novel	0.0213	0.7597	0.97922181372549	-0.0755	0.2782	0.69925	0.1302
hsa-miR-4313	-0.0344	0.6223	0.97922181372549	-0.0303	0.6641	0.916643258426966	0.1168
hsa-miR-4313-3p:Novel	1e-04	0.9992	0.9992	0.1113	0.1095	0.60525390625	0.1247
hsa-miR-4323	-0.0434	0.5336	0.969370567375887	-0.0332	0.6342	0.910138888888889	0.1144
hsa-miR-4326	-0.0798	0.252	0.969370567375887	0.0606	0.3844	0.78263829787234	0.1359
hsa-miR-4326-5p:Novel	-0.0462	0.5073	0.969370567375887	-0.0283	0.6854	0.916643258426966	0.1443
hsa-miR-4327-3p:Novel	0.0868	0.2125	0.969370567375887	0.0753	0.2797	0.69925	0.1453
hsa-miR-4330	0.0631	0.365	0.969370567375887	0.0876	0.2086	0.640077160493827	0.1416
hsa-miR-4418	-0.1356	0.0508	0.898981481481481	-0.0656	0.3465	0.762364253393665	0.1353
hsa-miR-4421	0.1148	0.0987	0.969351851851852	0.0808	0.2457	0.679329608938548	0.1778
hsa-miR-4429-3p:Novel	0.0321	0.6458	0.97922181372549	-0.056	0.4219	0.819655511811024	0.1159
hsa-miR-4430-3p:Novel	-0.1114	0.1091	0.969351851851852	-0.128	0.0654	0.60525390625	0.1595
hsa-miR-4431	-0.0186	0.7901	0.97922181372549	0.0058	0.9337	0.9796875	0.1302
hsa-miR-4436b-3p	-0.0092	0.8956	0.989656976744186	-0.0943	0.1753	0.635629770992366	0.1354
hsa-miR-4436b-5p	0.0534	0.4434	0.969370567375887	0.0737	0.29	0.710051546391753	0.1287
hsa-miR-4437	0.0037	0.9581	0.995847826086956	-0.0413	0.5536	0.884097682119205	0.1187
hsa-miR-4441	0.0393	0.5728	0.969370567375887	0.0182	0.7939	0.94489375	0.1061
hsa-miR-4443-3p:Novel	-0.1158	0.0957	0.969351851851852	-0.0889	0.2017	0.640077160493827	0.1729
hsa-miR-4449	0.0445	0.523	0.969370567375887	-0.0354	0.6118	0.899705882352941	0.1003
hsa-miR-4451-5p:Novel	-0.0439	0.5291	0.969370567375887	0.0448	0.5205	0.870554577464789	0.1537
hsa-miR-4452	0.0822	0.2377	0.969370567375887	0.2254	0.0011	0.114	0.2416
hsa-miR-4453-3p:Novel	-0.0149	0.8304	0.97922181372549	-0.0131	0.8505	0.966477272727273	0.1088
hsa-miR-4466-3p:Novel	-0.1289	0.0635	0.903897058823529	-0.1014	0.1451	0.60525390625	0.1449
hsa-miR-4472	0.0563	0.4189	0.969370567375887	0.0292	0.6758	0.916643258426966	0.1059
hsa-miR-4487	0.0929	0.1819	0.969370567375887	0.2646	1e-04	0.02375	0.2288
hsa-miR-4488-3p:Novel	-0.0374	0.5914	0.978797909407666	-0.0834	0.2309	0.657035928143713	0.136
hsa-miR-4489	0.0013	0.9854	0.996598101265823	0.0469	0.5009	0.859271582733813	0.1413
hsa-miR-4489-3p:Novel	0.0149	0.831	0.97922181372549	0.0045	0.9487	0.9796875	0.1017
hsa-miR-4492-5p:Novel	-0.0618	0.3753	0.969370567375887	-0.0321	0.645	0.910138888888889	0.1014
hsa-miR-4494	0.0692	0.3208	0.969370567375887	0.1739	0.012	0.407142857142857	0.1709
hsa-miR-4497	-0.0657	0.3454	0.969370567375887	0.02	0.7749	0.938517811704835	0.1474
hsa-miR-4497-3p:Novel	-0.1029	0.1392	0.969370567375887	-0.1029	0.1391	0.60525390625	0.1282
hsa-miR-4504	-0.0207	0.7664	0.97922181372549	-0.0301	0.6658	0.916643258426966	0.1267
hsa-miR-4505	0.0404	0.5624	0.969370567375887	-0.0594	0.3937	0.792404661016949	0.1953
hsa-miR-4505-3p:Novel	0.0855	0.2192	0.969370567375887	-0.0027	0.9695	0.98732869379015	0.103
hsa-miR-4506	0.0229	0.743	0.97922181372549	-0.0605	0.3855	0.78263829787234	0.1158
hsa-miR-4508-3p:Novel	-0.0169	0.8087	0.97922181372549	-0.1044	0.1335	0.60525390625	0.1356
hsa-miR-4513	0.0074	0.9158	0.993162100456621	-0.026	0.709	0.920248655913979	0.1273
hsa-miR-4513-3p:Novel	0.006	0.9313	0.995847826086956	-0.0316	0.6506	0.910138888888889	0.1409
hsa-miR-4515	-0.0721	0.3006	0.969370567375887	-0.081	0.2449	0.679329608938548	0.1404
hsa-miR-4516-3p:Novel	0.0298	0.669	0.97922181372549	-0.0992	0.154	0.60525390625	0.1505
hsa-miR-4518	-0.071	0.3079	0.969370567375887	-0.0568	0.4152	0.811604938271605	0.1327
hsa-miR-4520-3p	0.1613	0.0199	0.698928571428571	0.0224	0.7476	0.937390463917526	0.172
hsa-miR-4528-5p:Novel	0.0275	0.6932	0.97922181372549	0.0246	0.7241	0.922111260053619	0.1043
hsa-miR-4534	0.0309	0.6573	0.97922181372549	0.1668	0.0161	0.461029411764706	0.1729
hsa-miR-4534-5p:Novel	-0.0225	0.7473	0.97922181372549	-0.047	0.5003	0.859271582733813	0.0893
hsa-miR-4537-3p:Novel	0.0416	0.551	0.969370567375887	0.0369	0.5966	0.899503154574132	0.088
hsa-miR-4632-5p	-0.0206	0.7677	0.97922181372549	-0.057	0.4138	0.811604938271605	0.0986
hsa-miR-4634	-0.0543	0.4359	0.969370567375887	-0.0915	0.1885	0.638465517241379	0.1123
hsa-miR-4651-3p:Novel	-0.0019	0.9788	0.996598101265823	0.0355	0.6106	0.899705882352941	0.1095
hsa-miR-4654	0.0554	0.4264	0.969370567375887	-0.044	0.5284	0.876276041666667	0.1205
hsa-miR-4655-5p	7e-04	0.9917	0.996598101265823	-0.0645	0.3547	0.762364253393665	0.1174
hsa-miR-4666a-5p	0.0035	0.96	0.995847826086956	0.054	0.4383	0.819655511811024	0.0981
hsa-miR-4672	-0.0336	0.6296	0.97922181372549	-0.0794	0.254	0.679329608938548	0.1355
hsa-miR-4674	-0.1041	0.1345	0.969370567375887	-0.0363	0.6027	0.899705882352941	0.1574
hsa-miR-4674-5p:Novel	-0.1002	0.1498	0.969370567375887	-0.1189	0.0872	0.60525390625	0.1511
hsa-miR-4675	0.0578	0.407	0.969370567375887	0.0738	0.2893	0.710051546391753	0.1207
hsa-miR-4682-3p:Novel	-0.0146	0.8344	0.97922181372549	0.0284	0.6836	0.916643258426966	0.132
hsa-miR-4683	0.0267	0.7021	0.97922181372549	0.0026	0.9702	0.98732869379015	0.1026
hsa-miR-4690-5p	-0.0713	0.306	0.969370567375887	-0.0834	0.2309	0.657035928143713	0.1398
hsa-miR-4693-3p	-0.037	0.5956	0.978927335640138	-0.0885	0.2037	0.640077160493827	0.1234
hsa-miR-4695-5p	-0.1004	0.1489	0.969370567375887	-0.1134	0.1029	0.60525390625	0.1518
hsa-miR-4698	-0.0517	0.4582	0.969370567375887	-0.0424	0.5433	0.881100682593857	0.0907
hsa-miR-4700-5p	0.0175	0.8017	0.97922181372549	0.1428	0.0396	0.60525390625	0.1698
hsa-miR-4701-3p	-0.0062	0.9294	0.995847826086956	-0.0365	0.6003	0.899503154574132	0.1568
hsa-miR-4710-3p:Novel	-0.1	0.1508	0.969370567375887	-0.1017	0.1438	0.60525390625	0.1405
hsa-miR-4713-3p	0.0356	0.6096	0.97922181372549	-0.0522	0.4541	0.829605769230769	0.1035
hsa-miR-4725-5p	0.0853	0.2204	0.969370567375887	0.1282	0.0649	0.60525390625	0.1363
hsa-miR-4732-5p	-0.0564	0.4182	0.969370567375887	-0.0965	0.1654	0.609031007751938	0.1307
hsa-miR-4734	-0.0198	0.7764	0.97922181372549	0.0297	0.6698	0.916643258426966	0.0999
hsa-miR-4738-3p	0.0509	0.4655	0.969370567375887	0.1297	0.0619	0.60525390625	0.1466
hsa-miR-4739	0.0381	0.585	0.975	-0.0801	0.2499	0.679329608938548	0.1188
hsa-miR-4739-3p:Novel	-0.0047	0.9464	0.995847826086956	-0.0126	0.8566	0.968052256532067	0.1222
hsa-miR-4741	-0.014	0.8405	0.97922181372549	-0.11	0.1137	0.60525390625	0.1596
hsa-miR-4748	-0.0547	0.433	0.969370567375887	-0.0283	0.6844	0.916643258426966	0.1283
hsa-miR-4751-3p:Novel	-0.0847	0.2241	0.969370567375887	-0.0903	0.1947	0.638465517241379	0.133
hsa-miR-4754-3p:Novel	0.0818	0.2402	0.969370567375887	0.0481	0.4901	0.859271582733813	0.1114
hsa-miR-4758-5p	0.0171	0.8063	0.97922181372549	0.0152	0.8273	0.953565375302663	0.0981
hsa-miR-4767	-0.1224	0.0781	0.925170454545454	-0.0332	0.6336	0.910138888888889	0.1287
hsa-miR-4771-5p:Novel	-0.0074	0.9155	0.993162100456621	0.0177	0.7993	0.944944306930693	0.1554
hsa-miR-4784-3p:Novel	-0.1121	0.1069	0.969351851851852	-0.0543	0.4357	0.819655511811024	0.1337
hsa-miR-4785	-0.0554	0.4267	0.969370567375887	-0.0497	0.476	0.851071428571429	0.1372
hsa-miR-4787-5p	-0.0352	0.614	0.97922181372549	-0.0331	0.6351	0.910138888888889	0.1347
hsa-miR-4800-3p	-0.0352	0.6134	0.97922181372549	-0.0217	0.7559	0.937390463917526	0.1088
hsa-miR-483-5p	0.0921	0.1856	0.969370567375887	0.2238	0.0012	0.114	0.1845
hsa-miR-484-3p:Novel	-0.1354	0.0511	0.898981481481481	-0.1999	0.0038	0.200555555555556	0.1929
hsa-miR-499b-5p	0.0024	0.9731	0.996598101265823	-0.0357	0.6087	0.899705882352941	0.1092
hsa-miR-5001-5p	-0.062	0.3736	0.969370567375887	-0.0906	0.1929	0.638465517241379	0.1273
hsa-miR-5006-5p	-0.0091	0.8959	0.989656976744186	-0.0286	0.6814	0.916643258426966	0.0998
hsa-miR-501-3p	0.0555	0.4256	0.969370567375887	0.0418	0.5491	0.884097682119205	0.1549
hsa-miR-504-5p	-0.0266	0.7028	0.97922181372549	-0.0545	0.4346	0.819655511811024	0.1486
hsa-miR-5090-3p:Novel	0.0521	0.4546	0.969370567375887	0.0523	0.453	0.829605769230769	0.1226
hsa-miR-5091	-0.035	0.6156	0.97922181372549	-0.0458	0.5109	0.866705357142857	0.132
hsa-miR-5091-3p:Novel	0.046	0.5094	0.969370567375887	0.0425	0.5419	0.881100682593857	0.1115
hsa-miR-5092	-0.0298	0.6695	0.97922181372549	0.0272	0.6967	0.920248655913979	0.1189
hsa-miR-5093	0.0207	0.7664	0.97922181372549	-0.0687	0.3241	0.747317961165049	0.0924
hsa-miR-5100	-0.0245	0.7256	0.97922181372549	-0.0188	0.7877	0.942462216624685	0.1013
hsa-miR-5186	-0.0781	0.2623	0.969370567375887	-0.123	0.0768	0.60525390625	0.1372
hsa-miR-5187-5p	-0.0668	0.3375	0.969370567375887	-0.0425	0.5426	0.881100682593857	0.1388
hsa-miR-5189-3p	0.137	0.0485	0.898981481481481	0.0761	0.2743	0.696751336898396	0.1736
hsa-miR-5191	0.0656	0.3463	0.969370567375887	-0.0038	0.957	0.9796875	0.1359
hsa-miR-5193	-0.0298	0.6693	0.97922181372549	-0.0796	0.2531	0.679329608938548	0.1284
hsa-miR-5193-5p:Novel	0.1526	0.0278	0.8253125	0.1345	0.0527	0.60525390625	0.1908
hsa-miR-5196-5p	0.0031	0.9644	0.995847826086956	-0.0631	0.365	0.773995535714286	0.1382
hsa-miR-519a-5p, hsa-miR-519c-5p, hsa-miR-519b-5p, hsa-miR-523-5p, hsa-miR-518e-5p, hsa-miR-522-5p	-0.0015	0.9828	0.996598101265823	0.0546	0.4335	0.819655511811024	0.1343
hsa-miR-548aa, hsa-miR-548t-3p	0.0146	0.8343	0.97922181372549	-0.0513	0.4615	0.83668893129771	0.1122
hsa-miR-548d-5p	0.0592	0.3959	0.969370567375887	-0.0378	0.5877	0.899503154574132	0.119
hsa-miR-548h-5p	-0.0015	0.9832	0.996598101265823	-0.0095	0.8911	0.9796875	0.1001
hsa-miR-548i	0.123	0.0767	0.925170454545454	0.1373	0.0479	0.60525390625	0.1637
hsa-miR-550a-3-5p	-0.0198	0.7764	0.97922181372549	0.0088	0.9001	0.9796875	0.1169
hsa-miR-550a-3p	-0.0402	0.5643	0.969370567375887	2e-04	0.9975	0.9975	0.1268
hsa-miR-550b-3p	-0.0419	0.5479	0.969370567375887	-0.0529	0.448	0.828015564202335	0.1192
hsa-miR-551a	-0.1124	0.106	0.969351851851852	-0.0382	0.5839	0.899503154574132	0.1486
hsa-miR-5691-3p:Novel	0.0716	0.304	0.969370567375887	0.0212	0.7611	0.937390463917526	0.1119
hsa-miR-5694-3p:Novel	-0.0892	0.2001	0.969370567375887	-0.0626	0.3688	0.778577777777778	0.1259
hsa-miR-5698	0.0231	0.7404	0.97922181372549	0.0339	0.6269	0.907858231707317	0.1135
hsa-miR-5706-3p:Novel	0.1219	0.0794	0.925170454545454	0.1517	0.0288	0.60525390625	0.1592
hsa-miR-572	-0.0394	0.5719	0.969370567375887	0.0039	0.955	0.9796875	0.1036
hsa-miR-575	0.0279	0.6895	0.97922181372549	-0.0181	0.795	0.94489375	0.1068
hsa-miR-584-5p	-0.0288	0.6794	0.97922181372549	-0.0706	0.311	0.739408866995074	0.1229
hsa-miR-595-5p:Novel	-0.0512	0.463	0.969370567375887	-0.0896	0.1981	0.640077160493827	0.1198
hsa-miR-598-5p	0.0917	0.1877	0.969370567375887	0.0971	0.1631	0.60525390625	0.1505
hsa-miR-599	0.1371	0.0482	0.898981481481481	0.19	0.006	0.257291666666667	0.186
hsa-miR-6068-3p:Novel	-0.0719	0.3022	0.969370567375887	0.0044	0.9494	0.9796875	0.1493
hsa-miR-6069-3p:Novel	0.0286	0.6814	0.97922181372549	0.0317	0.6497	0.910138888888889	0.106
hsa-miR-607	0.0257	0.7124	0.97922181372549	-0.0474	0.4966	0.859271582733813	0.1106
hsa-miR-607-5p:Novel	-0.0634	0.3629	0.969370567375887	-0.0872	0.2106	0.640077160493827	0.1227
hsa-miR-6070	-0.0201	0.7737	0.97922181372549	-0.0198	0.7765	0.938517811704835	0.1158
hsa-miR-6070-3p:Novel	-0.0556	0.4248	0.969370567375887	-0.0105	0.8806	0.9796875	0.1143
hsa-miR-6071	-0.0626	0.3693	0.969370567375887	-0.1007	0.1479	0.60525390625	0.1459
hsa-miR-6075	-0.0446	0.5221	0.969370567375887	-0.0902	0.1949	0.638465517241379	0.129
hsa-miR-6076-3p:Novel	0.0437	0.5305	0.969370567375887	-0.0169	0.8081	0.947771604938272	0.137
hsa-miR-6077	-0.0366	0.5998	0.97922181372549	0.0129	0.8529	0.966891408114559	0.116
hsa-miR-608-3p:Novel	0.1318	0.0577	0.903897058823529	-0.0026	0.9707	0.98732869379015	0.1318
hsa-miR-6081	-0.0868	0.2124	0.969370567375887	-0.0158	0.8209	0.951506097560976	0.1405
hsa-miR-6083	-0.1566	0.0239	0.756833333333333	-0.1103	0.1129	0.60525390625	0.181
hsa-miR-6084-5p:Novel	0.0756	0.2775	0.969370567375887	0.0314	0.6523	0.910138888888889	0.129
hsa-miR-6085	0.0723	0.2992	0.969370567375887	0.0115	0.869	0.975827423167849	0.1029
hsa-miR-6085-5p:Novel	0.0192	0.7829	0.97922181372549	0.0472	0.4988	0.859271582733813	0.1067
hsa-miR-6089	-0.0712	0.3067	0.969370567375887	-0.0765	0.2724	0.695645161290323	0.1507
hsa-miR-611	-0.0084	0.9042	0.993162100456621	-0.0366	0.5993	0.899503154574132	0.1481
hsa-miR-6124-3p:Novel	0.1091	0.1169	0.969370567375887	0.122	0.0792	0.60525390625	0.1997
hsa-miR-6125	0.0267	0.7015	0.97922181372549	0.128	0.0655	0.60525390625	0.1317
hsa-miR-6125-5p:Novel	-0.0896	0.1979	0.969370567375887	-0.1275	0.0664	0.60525390625	0.1614
hsa-miR-6126-3p:Novel	0.0058	0.9338	0.995847826086956	-0.0311	0.6553	0.910138888888889	0.1019
hsa-miR-6127	0.0271	0.6978	0.97922181372549	-0.0607	0.3837	0.78263829787234	0.1552
hsa-miR-6127-3p:Novel	0.016	0.819	0.97922181372549	-0.0541	0.438	0.819655511811024	0.1142
hsa-miR-6130	0.0141	0.8393	0.97922181372549	0.0978	0.1597	0.60525390625	0.1515
hsa-miR-6131	-0.0938	0.1777	0.969370567375887	-0.1286	0.0642	0.60525390625	0.1614
hsa-miR-6131-5p:Novel	-0.1815	0.0087	0.543611111111111	-0.1041	0.1345	0.60525390625	0.14
hsa-miR-6132	-0.1473	0.0337	0.889305555555556	-0.0814	0.2427	0.679329608938548	0.1574
hsa-miR-6133-5p:Novel	-0.0802	0.2493	0.969370567375887	-0.0503	0.4707	0.846903409090909	0.1199
hsa-miR-6165-3p:Novel	-0.0153	0.8262	0.97922181372549	0.0215	0.758	0.937390463917526	0.1472
hsa-miR-617-3p:Novel	0.0655	0.3474	0.969370567375887	0.1208	0.0821	0.60525390625	0.1171
hsa-miR-622	-0.0153	0.826	0.97922181372549	-0.0972	0.1627	0.60525390625	0.12
hsa-miR-631-3p:Novel	-0.035	0.6159	0.97922181372549	-0.025	0.7204	0.920248655913979	0.1077
hsa-miR-632	-0.0323	0.6429	0.97922181372549	0.0396	0.5704	0.89125	0.1173
hsa-miR-636	0.0148	0.8323	0.97922181372549	-0.106	0.1274	0.60525390625	0.1428
hsa-miR-637	0.0485	0.4866	0.969370567375887	0.0755	0.2787	0.69925	0.1454
hsa-miR-638	-0.1443	0.0375	0.898981481481481	0.0319	0.6474	0.910138888888889	0.1473
hsa-miR-638-3p:Novel	-0.1292	0.0629	0.903897058823529	-0.078	0.2627	0.689406077348066	0.1396
hsa-miR-639	-0.0093	0.8935	0.989656976744186	-0.1243	0.0736	0.60525390625	0.1504
hsa-miR-639-5p:Novel	0.0112	0.8728	0.98945107398568	-0.045	0.5191	0.870554577464789	0.0968
hsa-miR-641-3p:Novel	0.0699	0.3159	0.969370567375887	0.0885	0.2038	0.640077160493827	0.1722
hsa-miR-645	0.0528	0.4486	0.969370567375887	-0.0476	0.4944	0.859271582733813	0.1334
hsa-miR-646	0.1067	0.125	0.969370567375887	0.0646	0.3539	0.762364253393665	0.1232
hsa-miR-646-5p:Novel	0.0175	0.8023	0.97922181372549	-0.0125	0.858	0.968052256532067	0.1003
hsa-miR-647-3p:Novel	0.0524	0.4519	0.969370567375887	-0.0504	0.4701	0.846903409090909	0.1602
hsa-miR-650	0.0104	0.882	0.989656976744186	-0.0317	0.6492	0.910138888888889	0.114
hsa-miR-6509-5p	-0.0222	0.7505	0.97922181372549	0.001	0.9886	0.994688160676533	0.1246
hsa-miR-6511a-3p	0.0211	0.7627	0.97922181372549	0.0719	0.3021	0.728413705583756	0.1538
hsa-miR-6511b-5p	-0.0904	0.1942	0.969370567375887	-0.1391	0.0451	0.60525390625	0.1519
hsa-miR-654-5p	0.0687	0.3238	0.969370567375887	-0.087	0.2117	0.640077160493827	0.1437
hsa-miR-655-5p	0.0457	0.5118	0.969370567375887	0.0908	0.1919	0.638465517241379	0.1447
hsa-miR-657	-0.0288	0.6797	0.97922181372549	-0.0786	0.259	0.683472222222222	0.1078
hsa-miR-657-5p:Novel	-0.0333	0.6331	0.97922181372549	0.0121	0.8623	0.970598341232227	0.1017
hsa-miR-663a-3p:Novel	-0.0193	0.782	0.97922181372549	0.0634	0.3633	0.773995535714286	0.1373
hsa-miR-6717-3p:Novel	-0.061	0.3815	0.969370567375887	-0.0997	0.1518	0.60525390625	0.1392
hsa-miR-6717-5p	-0.0472	0.4985	0.969370567375887	-0.0986	0.1566	0.60525390625	0.1344
hsa-miR-6720-3p	-0.0099	0.8873	0.989656976744186	-0.0146	0.8342	0.956409638554217	0.1145
hsa-miR-6721-3p:Novel	-0.0949	0.1726	0.969370567375887	-0.0373	0.5932	0.899503154574132	0.144
hsa-miR-6724-3p:Novel	0.0572	0.4116	0.969370567375887	-0.0013	0.9853	0.993667728237792	0.1173
hsa-miR-6724-5p	-0.1872	0.0068	0.538333333333333	-0.0548	0.4318	0.819655511811024	0.1895
hsa-miR-6728-5p	-0.0654	0.3479	0.969370567375887	-0.0667	0.3382	0.761350710900474	0.1262
hsa-miR-6731-5p	-0.0494	0.4785	0.969370567375887	-0.0469	0.5013	0.859271582733813	0.1247
hsa-miR-6738-5p	0.0036	0.9588	0.995847826086956	0.0366	0.5995	0.899503154574132	0.1076
hsa-miR-6745-5p:Novel	-0.1111	0.1102	0.969351851851852	-0.004	0.9543	0.9796875	0.1441
hsa-miR-6746-5p	0.0114	0.87	0.98945107398568	0.0022	0.9746	0.98917735042735	0.1156
hsa-miR-6756-5p	-0.1141	0.1007	0.969351851851852	-0.0974	0.1615	0.60525390625	0.1342
hsa-miR-6757-5p	0.0708	0.3096	0.969370567375887	0.1275	0.0665	0.60525390625	0.1574
hsa-miR-6760-5p	0.0252	0.7176	0.97922181372549	-0.02	0.7739	0.938517811704835	0.1181
hsa-miR-6763-5p	-0.0101	0.8852	0.989656976744186	0.0174	0.8027	0.944944306930693	0.1359
hsa-miR-6768-5p	-0.0466	0.5042	0.969370567375887	-0.0348	0.6176	0.902646153846154	0.1011
hsa-miR-6772-5p	0.0815	0.2421	0.969370567375887	0.1409	0.0423	0.60525390625	0.1701
hsa-miR-6773-5p	0.0627	0.3681	0.969370567375887	0.0655	0.3474	0.762364253393665	0.1292
hsa-miR-6777-5p	-0.008	0.9087	0.993162100456621	-0.0618	0.3753	0.78263829787234	0.1098
hsa-miR-6778-5p	0.0458	0.5111	0.969370567375887	0.0158	0.8213	0.951506097560976	0.0975
hsa-miR-6787-5p	-0.0457	0.5121	0.969370567375887	-0.0195	0.7803	0.940717005076142	0.1232
hsa-miR-6788-3p	0.0785	0.2598	0.969370567375887	0.1706	0.0137	0.433833333333333	0.1888
hsa-miR-6790-5p	-0.0521	0.4545	0.969370567375887	-0.1349	0.0521	0.60525390625	0.1651
hsa-miR-6793-5p	-0.0411	0.5559	0.969370567375887	0.0164	0.8136	0.949068627450981	0.1351
hsa-miR-6794-5p	-0.0533	0.4443	0.969370567375887	-0.0438	0.5299	0.876276041666667	0.1313
hsa-miR-6802-5p	-0.0048	0.9454	0.995847826086956	-0.0392	0.5744	0.891633986928105	0.135
hsa-miR-6805-5p	0.0296	0.6711	0.97922181372549	0.0087	0.9009	0.9796875	0.1194
hsa-miR-6818-5p	0.0466	0.504	0.969370567375887	0.0378	0.5881	0.899503154574132	0.1397
hsa-miR-6826-5p	-0.0484	0.4873	0.969370567375887	-0.0998	0.1515	0.60525390625	0.1397
hsa-miR-6829-5p	-0.0141	0.8403	0.97922181372549	-0.0223	0.7492	0.937390463917526	0.1013
hsa-miR-6832-5p	-0.0711	0.3072	0.969370567375887	-0.0519	0.4566	0.830977011494253	0.133
hsa-miR-6838-5p	-0.0184	0.792	0.97922181372549	-0.0074	0.9159	0.9796875	0.1053
hsa-miR-6847-5p	-0.0185	0.7909	0.97922181372549	-0.0646	0.354	0.762364253393665	0.1613
hsa-miR-6849-5p	-0.0429	0.538	0.969370567375887	0.0411	0.5556	0.884097682119205	0.1534
hsa-miR-6859-3p	-0.0651	0.3503	0.969370567375887	0.0107	0.8779	0.9796875	0.1464
hsa-miR-6861-5p	-0.0249	0.7208	0.97922181372549	-0.0997	0.1519	0.60525390625	0.1277
hsa-miR-6867-5p	0.0371	0.5943	0.978927335640138	-0.0208	0.7657	0.937390463917526	0.1189
hsa-miR-6869-5p	-0.0624	0.3704	0.969370567375887	0.1341	0.0536	0.60525390625	0.1826
hsa-miR-6871-5p	0.0414	0.5523	0.969370567375887	0.085	0.2223	0.647806748466258	0.13
hsa-miR-6874-5p	0.0849	0.2228	0.969370567375887	-0.0112	0.8728	0.977783018867925	0.1408
hsa-miR-6879-5p	-0.0104	0.8819	0.989656976744186	0.0203	0.771	0.938517811704835	0.0978
hsa-miR-6880-5p	-0.0136	0.8449	0.980932926829268	0.0067	0.9235	0.9796875	0.0951
hsa-miR-6895-3p	0.1243	0.0737	0.925170454545454	0.0472	0.498	0.859271582733813	0.1301
hsa-miR-7108-5p	0.018	0.7969	0.97922181372549	0.0048	0.9446	0.9796875	0.0933
hsa-miR-711	0.02	0.7744	0.97922181372549	-0.0092	0.8949	0.9796875	0.1102
hsa-miR-7113-5p	0.0077	0.9124	0.993162100456621	-0.0986	0.1566	0.60525390625	0.1247
hsa-miR-7161-3p	-0.0257	0.7128	0.97922181372549	-0.0424	0.5435	0.881100682593857	0.1206
hsa-miR-718	0.0289	0.6783	0.97922181372549	0.0101	0.8854	0.9796875	0.1007
hsa-miR-7515-5p:Novel	0.0399	0.5674	0.969370567375887	0.0536	0.442	0.823333333333333	0.1506
hsa-miR-760	-0.0654	0.3478	0.969370567375887	-0.1137	0.1021	0.60525390625	0.1595
hsa-miR-765-5p:Novel	0.1157	0.0961	0.969351851851852	0.2096	0.0024	0.1425	0.2056
hsa-miR-770-3p:Novel	-0.0568	0.4153	0.969370567375887	-0.1053	0.1301	0.60525390625	0.1283
hsa-miR-7704-3p:Novel	-0.0046	0.9479	0.995847826086956	-0.0804	0.2483	0.679329608938548	0.1158
hsa-miR-7706	-0.0039	0.9551	0.995847826086956	0.0407	0.5591	0.884097682119205	0.1349
hsa-miR-7843-5p	-0.0638	0.36	0.969370567375887	-0.0815	0.2416	0.679329608938548	0.1248
hsa-miR-7844-3p:Novel	-0.0244	0.726	0.97922181372549	-0.115	0.0981	0.60525390625	0.1478
hsa-miR-7845-3p:Novel	-0.0922	0.1855	0.969370567375887	-0.0241	0.7293	0.92625	0.1322
hsa-miR-7847-5p:Novel	-0.0777	0.2645	0.969370567375887	-0.0981	0.1585	0.60525390625	0.1293
hsa-miR-7851-3p	0.0954	0.1707	0.969370567375887	-0.0257	0.712	0.920248655913979	0.1331
hsa-miR-7851-5p:Novel	0.0712	0.3071	0.969370567375887	-0.006	0.9309	0.9796875	0.1204
hsa-miR-8057-3p:Novel	-0.0335	0.6313	0.97922181372549	-0.101	0.1467	0.60525390625	0.1294
hsa-miR-8072	0.0116	0.8684	0.98945107398568	-0.0911	0.1905	0.638465517241379	0.1203
hsa-miR-8072-3p:Novel	-0.0917	0.1875	0.969370567375887	-0.0657	0.346	0.762364253393665	0.1203
hsa-miR-8074	-0.1307	0.0599	0.903897058823529	0.0175	0.8014	0.944944306930693	0.1121
hsa-miR-8075	-0.1133	0.1031	0.969351851851852	-0.0485	0.4868	0.859271582733813	0.1122
hsa-miR-8075-5p:Novel	-0.0965	0.1654	0.969370567375887	-0.0484	0.4875	0.859271582733813	0.1093
hsa-miR-8076	0.0232	0.7392	0.97922181372549	-0.005	0.9424	0.9796875	0.1138
hsa-miR-8077	-0.0607	0.3837	0.969370567375887	-0.0218	0.7548	0.937390463917526	0.1713
hsa-miR-8079-3p:Novel	-0.0645	0.3546	0.969370567375887	-0.0978	0.16	0.60525390625	0.1583
hsa-miR-8080	-0.0492	0.48	0.969370567375887	-0.1001	0.1505	0.60525390625	0.1359
hsa-miR-8082-3p:Novel	0.0581	0.4044	0.969370567375887	0.0527	0.4498	0.82812015503876	0.1192
hsa-miR-8083-3p:Novel	5e-04	0.9945	0.996598101265823	0.0382	0.5839	0.899503154574132	0.1067
hsa-miR-8085	-0.0227	0.7452	0.97922181372549	-0.0131	0.8505	0.966477272727273	0.095
hsa-miR-8085-3p:Novel	0.0034	0.9606	0.995847826086956	0.0611	0.3809	0.78263829787234	0.0985
hsa-miR-8089	0.0451	0.5173	0.969370567375887	0.058	0.4054	0.807102510460251	0.1785
hsa-miR-874-3p	-0.0403	0.5636	0.969370567375887	-0.0839	0.2283	0.657035928143713	0.1236
hsa-miR-885-3p	0.0906	0.1932	0.969370567375887	0.0092	0.8956	0.9796875	0.1089
hsa-miR-922	-0.0577	0.408	0.969370567375887	-0.0063	0.9284	0.9796875	0.1189
hsa-miR-922-5p:Novel	0.0722	0.2998	0.969370567375887	0.0217	0.756	0.937390463917526	0.1101
hsa-miR-92a-3p	-0.0452	0.5172	0.969370567375887	0.0281	0.687	0.916643258426966	0.1163
hsa-miR-92b-5p	0.0103	0.8828	0.989656976744186	-0.0047	0.9467	0.9796875	0.1024
hsa-miR-935	-0.0603	0.387	0.969370567375887	-0.0986	0.1564	0.60525390625	0.1262
hsa-miR-935-5p:Novel	0.0153	0.8266	0.97922181372549	-0.07	0.3153	0.739408866995074	0.1097
hsa-miR-940	0.0361	0.6051	0.97922181372549	0.1043	0.1339	0.60525390625	0.1509
hsa-miR-943-5p:Novel	0.1605	0.0206	0.698928571428571	0.188	0.0065	0.257291666666667	0.2
hsa-miR-944-5p:Novel	0.0405	0.5615	0.969370567375887	0.0866	0.2137	0.640077160493827	0.1254
hsa-miR-9500-3p:Novel	-0.0403	0.5634	0.969370567375887	-0.0018	0.9794	0.99093085106383	0.1227
hsa-miR-9898	-0.0656	0.3462	0.969370567375887	-0.0058	0.934	0.9796875	0.1431
hsa-miR-9898-5p:Novel	-0.0292	0.6758	0.97922181372549	0.007	0.92	0.9796875	0.1441
hsa-miR-9899-5p:Novel	-0.0268	0.7013	0.97922181372549	-0.0252	0.7173	0.920248655913979	0.1213
hsa-miR-9901	0.0634	0.3627	0.969370567375887	-0.0834	0.231	0.657035928143713	0.1249
hsa-miR-9901-3p:Novel	-0.0828	0.2347	0.969370567375887	0.0369	0.5964	0.899503154574132	0.1346
hsa-miR-9903	0.0033	0.9626	0.995847826086956	0.0085	0.9034	0.9796875	0.1294
hsa-miR-99b-3p	-0.0078	0.9108	0.993162100456621	-0.046	0.5098	0.866705357142857	0.1254
