miRNA	SC	SC.p	SC.fdr	PC	PC.p	PC.fdr	DC
hsa-let-7a-3p	-0.1564	0.0048	0.0578973684210526	-0.0753	0.1762	0.439521111111111	0.097
hsa-let-7a-5p	-0.0568	0.3084	0.556110843373494	-0.0173	0.7561	0.891046981627297	0.098
hsa-let-7b-5p	-0.1605	0.0038	0.0550387096774194	-0.0819	0.1413	0.407266025641026	0.1008
hsa-miR-10392-5p	0.1356	0.0146	0.119189090909091	0.0624	0.2625	0.550759345794393	0.1851
hsa-miR-10397-3p	-0.086	0.1223	0.345362893081761	-0.108	0.0521	0.359870149253731	0.1192
hsa-miR-10400-5p	0.0104	0.8524	0.922235180722892	-0.0402	0.4706	0.731139792387543	0.0877
hsa-miR-10401-5p	-0.0686	0.2184	0.463825471698113	-0.0329	0.5555	0.777007788161994	0.0875
hsa-miR-10523-3p:Novel	-0.0798	0.1521	0.390245142857143	-0.0852	0.1258	0.397949315068493	0.1399
hsa-miR-106b-5p	-0.0681	0.2216	0.466542325581395	-0.0859	0.1229	0.397949315068493	0.1504
hsa-miR-11399-3p:Novel	0.028	0.615	0.789831818181818	-0.0094	0.8663	0.954097555012225	0.0793
hsa-miR-1181-3p:Novel	-0.1264	0.0229	0.155789393939394	-0.0691	0.2148	0.491620812182741	0.1193
hsa-miR-1184	-0.0977	0.0791	0.277753488372093	-0.1307	0.0186	0.276709302325581	0.153
hsa-miR-1202	-0.1777	0.0013	0.03648125	-0.0451	0.4186	0.703937827715356	0.1903
hsa-miR-1202-3p:Novel	-0.0963	0.0834	0.285851908396947	0.0016	0.9772	0.985983820224719	0.0988
hsa-miR-1203	-0.0466	0.4034	0.643407446808511	0.0478	0.3907	0.679939147286822	0.1199
hsa-miR-12117-3p:Novel	-0.0019	0.9733	0.982048764044944	-0.0045	0.936	0.979815473441108	0.1137
hsa-miR-12118-3p:Novel	-0.0039	0.9439	0.973004576659039	0.002	0.9714	0.984556659142212	0.0917
hsa-miR-12119	-0.0988	0.0758	0.277753488372093	0.0316	0.5704	0.778585106382979	0.1325
hsa-miR-12120-3p:Novel	-0.0298	0.5931	0.775047093023256	0.0225	0.6866	0.858728133704735	0.0845
hsa-miR-12121	0.02	0.7203	0.854728497409326	0.0067	0.9048	0.964976722090261	0.0655
hsa-miR-12123	0.0746	0.1803	0.4216390625	0.0886	0.1114	0.397949315068493	0.1184
hsa-miR-12126-5p:Novel	-0.0229	0.6815	0.83604781420765	0.0317	0.5699	0.778585106382979	0.0911
hsa-miR-12127	-0.0704	0.2062	0.449435922330097	-0.0209	0.7077	0.859774324324324	0.1097
hsa-miR-12128	-0.1082	0.0517	0.24695	0.0146	0.7937	0.918564885496183	0.0978
hsa-miR-12136	-0.0731	0.1893	0.429271212121212	-0.0934	0.0934	0.397949315068493	0.1079
hsa-miR-12136-3p:Novel	0.019	0.7335	0.854728497409326	-0.0073	0.8955	0.960966904761905	0.0919
hsa-miR-122-5p	-0.0336	0.547	0.74651367781155	-0.0445	0.425	0.708255925925926	0.0982
hsa-miR-1229-5p	-0.013	0.8151	0.906033578431373	-0.0384	0.4914	0.746159121621622	0.0861
hsa-miR-1231	-0.0483	0.3864	0.631702181818182	0.0088	0.8748	0.95746803874092	0.0963
hsa-miR-1231-3p:Novel	0.0351	0.5287	0.737224534161491	-0.0092	0.8691	0.954097555012225	0.0857
hsa-miR-124-5p	-0.1649	0.0029	0.0500807692307692	-0.0728	0.1913	0.462066137566138	0.1683
hsa-miR-1246-3p:Novel	-0.0562	0.3133	0.561518326693227	-0.0872	0.1173	0.397949315068493	0.1361
hsa-miR-1250-5p	0.1116	0.0448	0.226013483146067	0.0925	0.0963	0.397949315068493	0.1248
hsa-miR-1255b-5p	0.1905	6e-04	0.0299333333333333	0.1346	0.0153	0.274788	0.2152
hsa-miR-1257	0.0306	0.5825	0.766986803519062	-0.0324	0.5616	0.777806153846154	0.0746
hsa-miR-1257-3p:Novel	-0.089	0.1099	0.326788741721854	-0.0902	0.1052	0.397949315068493	0.1304
hsa-miR-125b-5p	0.0515	0.3551	0.61559806949807	-0.0695	0.2121	0.490891237113402	0.1179
hsa-miR-1260a-3p:Novel	-0.1493	0.0071	0.075902380952381	-0.0093	0.8675	0.954097555012225	0.1323
hsa-miR-1260b	-0.1055	0.0579	0.254017592592593	-0.1078	0.0525	0.359870149253731	0.1448
hsa-miR-1267-3p:Novel	-0.0488	0.381	0.631250922509225	-0.0971	0.0811	0.391203191489362	0.1147
hsa-miR-1272	-0.0405	0.4672	0.687779672131148	-0.0893	0.1088	0.397949315068493	0.1229
hsa-miR-1272-3p:Novel	-0.0372	0.5045	0.71457570977918	-0.0274	0.6232	0.818177777777778	0.0757
hsa-miR-1275-3p:Novel	-0.0179	0.7482	0.868066666666667	-0.0726	0.1926	0.462066137566138	0.1033
hsa-miR-128-3p	-0.0088	0.8746	0.939462679425837	0.0085	0.8783	0.95746803874092	0.0976
hsa-miR-1281	0.0217	0.6974	0.843806182795699	-0.0221	0.6921	0.858913498622589	0.0915
hsa-miR-1284	-0.0738	0.1854	0.426895384615385	0.0051	0.9266	0.979815473441108	0.0964
hsa-miR-1285-3p	-0.0746	0.1802	0.4216390625	-0.1268	0.0224	0.276709302325581	0.1414
hsa-miR-1287-5p	-0.1246	0.025	0.165073529411765	-0.102	0.0667	0.391203191489362	0.134
hsa-miR-1288-5p	0.1056	0.0576	0.254017592592593	0.1645	0.003	0.110523076923077	0.1604
hsa-miR-1290-5p:Novel	-0.089	0.1097	0.326788741721854	-0.075	0.1783	0.442302209944751	0.1101
hsa-miR-1291-3p:Novel	-0.1102	0.0474	0.233874725274725	-0.0071	0.8989	0.960966904761905	0.1421
hsa-miR-1293	0.1191	0.032	0.181873417721519	0.1418	0.0106	0.218377272727273	0.1556
hsa-miR-1294	0.1064	0.0558	0.254017592592593	0.1198	0.0311	0.310308888888889	0.147
hsa-miR-1302	-0.1696	0.0022	0.0411583333333333	-0.1598	0.0039	0.125078571428571	0.1737
hsa-miR-1306-3p	0.1384	0.0127	0.109659615384615	0.1173	0.0349	0.311658823529412	0.1314
hsa-miR-1307-3p	-0.0927	0.0956	0.307565	-0.1252	0.0242	0.276709302325581	0.1399
hsa-miR-1324	-0.0365	0.5126	0.723765408805031	-0.0039	0.9449	0.979815473441108	0.0749
hsa-miR-137-3p	-0.032	0.5658	0.76182125748503	-0.0968	0.0819	0.391203191489362	0.1211
hsa-miR-143-3p	-0.0509	0.3613	0.618698098859316	-0.0827	0.1373	0.407266025641026	0.1096
hsa-miR-1469-3p:Novel	-0.1583	0.0043	0.0577285714285714	-0.1436	0.0097	0.218377272727273	0.1703
hsa-miR-148a-3p	-0.1047	0.0597	0.254017592592593	-0.0787	0.1574	0.425738554216867	0.0961
hsa-miR-149-3p	0.0614	0.2704	0.507989958158996	-0.0497	0.3721	0.667666535433071	0.0904
hsa-miR-151a-3p	-0.0062	0.9121	0.954386046511628	-0.0723	0.1945	0.462066137566138	0.1025
hsa-miR-1587-3p:Novel	0.0487	0.3827	0.63156043956044	-0.0423	0.4475	0.715044483985765	0.1114
hsa-miR-181b-5p	-0.0233	0.6766	0.833909863013699	0.145	0.0089	0.218377272727273	0.1329
hsa-miR-181c-3p	-0.0761	0.172	0.412220212765957	-0.0463	0.4064	0.69595	0.1347
hsa-miR-182-3p	0.0132	0.8126	0.906033578431373	0.0201	0.719	0.867063538873995	0.0852
hsa-miR-182-5p	-0.1201	0.0307	0.181873417721519	-0.0811	0.1454	0.413193670886076	0.1457
hsa-miR-1910-3p	-0.0734	0.1878	0.429271212121212	0.0072	0.8971	0.960966904761905	0.1074
hsa-miR-1913	-0.0403	0.47	0.689640522875817	-0.0527	0.3445	0.654175949367089	0.1005
hsa-miR-192-5p	-0.1956	4e-04	0.0299333333333333	-0.085	0.127	0.397949315068493	0.1143
hsa-miR-194-1-3p:Novel	-0.1971	4e-04	0.0299333333333333	-0.0973	0.0803	0.391203191489362	0.1366
hsa-miR-194-3p	-0.2142	1e-04	0.011225	-0.1007	0.0704	0.391203191489362	0.1416
hsa-miR-194-5p	-0.1427	0.0101	0.0964872340425532	-0.126	0.0233	0.276709302325581	0.1659
hsa-miR-197-5p	-0.0485	0.384	0.63156043956044	-0.0665	0.2326	0.509450731707317	0.1102
hsa-miR-199a-3p, hsa-miR-199b-3p	0.0037	0.947	0.973004576659039	-0.0799	0.1513	0.416771165644172	0.0969
hsa-miR-200a-3p	-0.1383	0.0127	0.109659615384615	-0.095	0.0878	0.397949315068493	0.1244
hsa-miR-200b-3p	-0.1849	8e-04	0.0326545454545455	-0.0806	0.1479	0.414418633540373	0.1104
hsa-miR-200c-3p	-0.1802	0.0011	0.0329266666666667	-0.0879	0.1144	0.397949315068493	0.1172
hsa-miR-206-5p:Novel	0.043	0.4408	0.664309060402685	0.0518	0.3523	0.659094583333333	0.0932
hsa-miR-21-5p	-0.1609	0.0037	0.0550387096774194	-0.0615	0.2698	0.56011198156682	0.1061
hsa-miR-2110	0.1742	0.0016	0.0401736842105263	0.1993	3e-04	0.0449	0.2041
hsa-miR-2110-3p:Novel	0.13	0.0192	0.13897619047619	0.0847	0.1282	0.397949315068493	0.1444
hsa-miR-2114-5p	0.2176	1e-04	0.011225	0.2619	0	0	0.252
hsa-miR-215-5p	-0.1576	0.0045	0.0577285714285714	-0.0868	0.1188	0.397949315068493	0.1095
hsa-miR-219a-5p	-0.0128	0.8184	0.906033578431373	-0.0515	0.3552	0.66176265560166	0.097
hsa-miR-2278-3p:Novel	0.0134	0.8103	0.906033578431373	0.0677	0.2242	0.498345544554456	0.1097
hsa-miR-2392	0.0167	0.7646	0.873840609137056	0.0287	0.6073	0.80673875739645	0.0882
hsa-miR-23c	-0.0297	0.5938	0.775047093023256	0.0909	0.1025	0.397949315068493	0.1158
hsa-miR-2681-3p	-0.0453	0.416	0.648331141868512	0.0041	0.9408	0.979815473441108	0.0903
hsa-miR-2861	-0.1493	0.0071	0.075902380952381	-0.1215	0.0288	0.293890909090909	0.1486
hsa-miR-2861-5p:Novel	-0.0191	0.7314	0.854728497409326	-0.0968	0.0818	0.391203191489362	0.1179
hsa-miR-300	0.0353	0.5265	0.736443925233645	0.0332	0.5513	0.777007788161994	0.0848
hsa-miR-3064-5p	-0.0282	0.6136	0.789831818181818	-0.0294	0.5978	0.801652083333333	0.0825
hsa-miR-3085-5p	0.0309	0.58	0.766986803519062	-0.0439	0.4313	0.711492307692308	0.0768
hsa-miR-30c-5p	-0.0465	0.4041	0.643407446808511	-0.0214	0.7009	0.859774324324324	0.1282
hsa-miR-3125	-0.0165	0.7668	0.873840609137056	-0.0707	0.2046	0.483502105263158	0.1032
hsa-miR-3127-5p	-0.0199	0.7207	0.854728497409326	-0.0227	0.6837	0.857489664804469	0.078
hsa-miR-3136-5p	0.0282	0.6126	0.789831818181818	0.0576	0.3015	0.592523144104804	0.0958
hsa-miR-3137	-0.0453	0.4168	0.648331141868512	-0.0944	0.0897	0.397949315068493	0.1192
hsa-miR-3137-3p:Novel	-0.043	0.4409	0.664309060402685	-0.037	0.5066	0.748825657894737	0.095
hsa-miR-3138-5p:Novel	0.0979	0.0785	0.277753488372093	0.0917	0.0993	0.397949315068493	0.1357
hsa-miR-3141-3p:Novel	-0.0393	0.481	0.696669551282051	-0.1005	0.0708	0.391203191489362	0.1186
hsa-miR-3154	-0.0685	0.219	0.463825471698113	0.085	0.1267	0.397949315068493	0.1224
hsa-miR-3154-5p:Novel	-0.1143	0.0397	0.204888505747126	-0.004	0.9422	0.979815473441108	0.1362
hsa-miR-3155a	-0.0824	0.1391	0.376240361445783	-0.0811	0.1452	0.413193670886076	0.1354
hsa-miR-3155b	-0.0457	0.412	0.646811188811189	-0.0459	0.4106	0.69595	0.0979
hsa-miR-3156-3p	-0.0277	0.6192	0.789831818181818	0.0526	0.3453	0.654175949367089	0.0837
hsa-miR-3160-3p	-0.072	0.196	0.439617910447761	-0.1149	0.0388	0.328701886792453	0.1201
hsa-miR-3160-5p	-0.0391	0.4828	0.696669551282051	-0.1089	0.0501	0.358487301587302	0.1035
hsa-miR-3168-3p:Novel	-0.028	0.6158	0.789831818181818	-0.025	0.6534	0.838218857142857	0.0844
hsa-miR-3169	0.071	0.2023	0.447019117647059	0.0901	0.1056	0.397949315068493	0.1182
hsa-miR-3169-3p:Novel	0.0857	0.1237	0.347133125	0.0703	0.2072	0.487082722513089	0.1225
hsa-miR-3170	-0.0071	0.8984	0.949133176470588	0.1652	0.0029	0.110523076923077	0.1651
hsa-miR-3170-3p:Novel	0.0636	0.2537	0.501811894273128	0.0097	0.8622	0.954097555012225	0.0897
hsa-miR-3176-5p:Novel	-0.0585	0.2936	0.53806693877551	-0.0695	0.2119	0.490891237113402	0.1001
hsa-miR-3178-3p:Novel	-0.1184	0.0332	0.183980487804878	-0.131	0.0183	0.276709302325581	0.1547
hsa-miR-3180	-0.0338	0.5443	0.74651367781155	0.0435	0.4348	0.712500729927007	0.1183
hsa-miR-3180-3p	-0.0977	0.0791	0.277753488372093	-0.1012	0.0689	0.391203191489362	0.1226
hsa-miR-3180-4-3p:Novel, hsa-miR-3180-5-3p:Novel	-0.0634	0.2549	0.501974122807018	0.0377	0.4992	0.748825657894737	0.1243
hsa-miR-3180-5p	0.0202	0.7177	0.854728497409326	0.0119	0.8304	0.940869346733668	0.0935
hsa-miR-3185-3p:Novel	-0.0862	0.1217	0.345362893081761	0.0935	0.0929	0.397949315068493	0.1227
hsa-miR-3190-3p	-0.156	0.0049	0.0578973684210526	-0.1246	0.0249	0.276709302325581	0.1535
hsa-miR-3195	-0.0383	0.4926	0.702150476190476	-0.0776	0.1637	0.432195321637427	0.0957
hsa-miR-3195-3p:Novel	0.0644	0.2475	0.496104910714286	0.0413	0.4588	0.722811228070175	0.1103
hsa-miR-3196-3p:Novel	0.0422	0.4494	0.672602	-0.0588	0.2916	0.584897333333333	0.1013
hsa-miR-320a-3p	-0.0482	0.3869	0.631702181818182	-0.0963	0.0836	0.39512	0.1212
hsa-miR-320c	0.021	0.706	0.847577540106952	0.0731	0.1894	0.462066137566138	0.0981
hsa-miR-320d	-0.0195	0.7264	0.854728497409326	0.0269	0.6299	0.822165988372093	0.0872
hsa-miR-320d-1-5p:Novel	0.0644	0.2474	0.496104910714286	0.0121	0.8276	0.940869346733668	0.0899
hsa-miR-320e-5p:Novel	0.0756	0.1743	0.414077777777778	0.0614	0.2707	0.56011198156682	0.1065
hsa-miR-323a-5p	-0.1445	0.0092	0.0938818181818182	-0.1759	0.0015	0.0954125	0.1789
hsa-miR-324-5p	0.0609	0.2744	0.513356666666667	0.0288	0.6052	0.80633471810089	0.0865
hsa-miR-326-5p:Novel	-0.1048	0.0595	0.254017592592593	0.0488	0.3813	0.671387058823529	0.0982
hsa-miR-345-3p	-0.1195	0.0316	0.181873417721519	-0.0884	0.1122	0.397949315068493	0.1542
hsa-miR-3615-5p:Novel	-0.2401	0	0	-0.1635	0.0032	0.110523076923077	0.2
hsa-miR-3619-3p	-0.0618	0.2672	0.504464705882353	-0.0219	0.6942	0.858913498622589	0.1026
hsa-miR-3621-3p:Novel	-0.0278	0.6176	0.789831818181818	0.1034	0.063	0.391203191489362	0.1408
hsa-miR-3622a-5p	-0.0572	0.3045	0.553524291497976	-0.035	0.5303	0.761004792332268	0.0853
hsa-miR-3648	0.0664	0.2331	0.47594	-0.0324	0.5617	0.777806153846154	0.1128
hsa-miR-3648-3p:Novel	-0.0828	0.1371	0.373078181818182	0.0628	0.2595	0.549761502347418	0.1105
hsa-miR-3652-3p:Novel	-0.0496	0.374	0.625939259259259	-6e-04	0.9913	0.993512723214286	0.1056
hsa-miR-3665-3p:Novel	-0.0075	0.893	0.947453537735849	-0.0804	0.1486	0.414418633540373	0.1132
hsa-miR-3668-3p:Novel	0.1252	0.0242	0.162176119402985	0.0975	0.0797	0.391203191489362	0.1417
hsa-miR-3682-3p	-0.1738	0.0017	0.0401736842105263	-0.1073	0.0537	0.359870149253731	0.2027
hsa-miR-3689d-3p:Novel	-0.0452	0.4173	0.648331141868512	-0.0095	0.8653	0.954097555012225	0.0716
hsa-miR-3714-3p:Novel	0.0226	0.6855	0.83866348773842	0.035	0.53	0.761004792332268	0.092
hsa-miR-371a-3p	0.0121	0.8287	0.908951219512195	0.0429	0.4417	0.713089247311828	0.0975
hsa-miR-371a-5p	-0.0847	0.128	0.356968944099379	-0.0939	0.0916	0.397949315068493	0.1317
hsa-miR-378a-3p	-0.1042	0.061	0.254017592592593	-0.0819	0.1412	0.407266025641026	0.1064
hsa-miR-378h	-0.0863	0.1211	0.345362893081761	-0.0687	0.2171	0.492312626262626	0.1315
hsa-miR-378h-3p:Novel	0.05	0.3696	0.623873684210526	0.1135	0.0411	0.337158181818182	0.1032
hsa-miR-378i	-0.0409	0.4629	0.683691118421053	-0.0117	0.834	0.940869346733668	0.0839
hsa-miR-378i-3p:Novel	-0.1047	0.0597	0.254017592592593	-0.093	0.0948	0.397949315068493	0.1131
hsa-miR-378j-3p:Novel	-0.0146	0.7932	0.90163746835443	0.0352	0.5278	0.761004792332268	0.1117
hsa-miR-3907	0.0176	0.7519	0.870111082474227	0.0033	0.9521	0.982923981900452	0.0876
hsa-miR-3907-5p:Novel	-0.0015	0.979	0.984686129753915	-0.0154	0.782	0.913977402597403	0.0814
hsa-miR-3911-3p:Novel	-0.0982	0.0777	0.277753488372093	-0.0183	0.7423	0.880748947368421	0.1225
hsa-miR-3916-3p:Novel	-0.0011	0.9842	0.986396875	-0.0029	0.9586	0.982923981900452	0.1058
hsa-miR-3920	-0.0602	0.2798	0.521287136929461	-0.069	0.2157	0.491620812182741	0.0973
hsa-miR-3928-3p	0.0199	0.7209	0.854728497409326	0.0098	0.8605	0.954097555012225	0.0662
hsa-miR-3934-3p	-0.1384	0.0126	0.109659615384615	-0.1187	0.0326	0.310558333333333	0.1754
hsa-miR-3935	-0.0051	0.9276	0.966339675174014	0.0181	0.7454	0.880748947368421	0.0802
hsa-miR-3943-3p:Novel	-0.0014	0.9803	0.984686129753915	-0.0723	0.1945	0.462066137566138	0.0827
hsa-miR-3960	0.0541	0.3319	0.587573725490196	-0.1075	0.0533	0.359870149253731	0.1433
hsa-miR-3960-5p:Novel	0.0032	0.9546	0.974125909090909	-0.0396	0.4775	0.73676116838488	0.1007
hsa-miR-3972	0.0025	0.9641	0.976676126126126	-0.0201	0.7182	0.867063538873995	0.0893
hsa-miR-3972-5p:Novel	-0.055	0.3233	0.576038492063492	-0.0492	0.377	0.667666535433071	0.1089
hsa-miR-3976	0.0197	0.7233	0.854728497409326	-0.0292	0.5999	0.801652083333333	0.1052
hsa-miR-3976-3p:Novel	-0.0739	0.1846	0.426895384615385	-0.1238	0.0258	0.276709302325581	0.1352
hsa-miR-422a	-0.0953	0.0867	0.287558088235294	-0.0774	0.1646	0.432195321637427	0.117
hsa-miR-423-5p	-0.0621	0.2653	0.504464705882353	-0.0852	0.1257	0.397949315068493	0.1211
hsa-miR-425-3p	-0.1883	7e-04	0.03143	-0.0644	0.2481	0.535562019230769	0.164
hsa-miR-4252	-0.0774	0.1647	0.402879891304348	-0.0404	0.4686	0.731139792387543	0.1051
hsa-miR-4254	0.024	0.6667	0.826929005524862	0.0362	0.5166	0.755136363636364	0.101
hsa-miR-4254-5p:Novel	0.0873	0.117	0.339340384615385	0.08	0.151	0.416771165644172	0.1004
hsa-miR-4258-3p:Novel	0.0106	0.8486	0.921100724637681	-0.0344	0.5377	0.763441640378549	0.0771
hsa-miR-4259	-0.0696	0.2112	0.455907692307692	-0.1088	0.0503	0.358487301587302	0.1184
hsa-miR-4259-5p:Novel	0.0193	0.7289	0.854728497409326	0.0495	0.3747	0.667666535433071	0.1085
hsa-miR-4263	0.0927	0.0959	0.307565	-0.0575	0.3022	0.592523144104804	0.1283
hsa-miR-4274	-0.0982	0.0775	0.277753488372093	-0.0919	0.0987	0.397949315068493	0.1298
hsa-miR-4276-3p:Novel	-0.0818	0.1418	0.378480588235294	-0.037	0.507	0.748825657894737	0.0906
hsa-miR-4277	-0.0817	0.1421	0.378480588235294	-0.0145	0.7946	0.918564885496183	0.1192
hsa-miR-4281	0.0313	0.5747	0.766986803519062	0.0373	0.5035	0.748825657894737	0.1087
hsa-miR-4283	0.0636	0.2537	0.501811894273128	7e-04	0.9904	0.993512723214286	0.1032
hsa-miR-4283-3p:Novel	0.0692	0.214	0.459741626794258	0.079	0.156	0.424509090909091	0.1016
hsa-miR-4284-3p:Novel	-0.1356	0.0146	0.119189090909091	-0.0384	0.4907	0.746159121621622	0.1476
hsa-miR-4285-3p:Novel	0.0113	0.8401	0.917773479318735	-0.0627	0.2608	0.549761502347418	0.0937
hsa-miR-4286-3p:Novel	-0.0077	0.8897	0.947453537735849	-0.0016	0.9769	0.985983820224719	0.0818
hsa-miR-4290	-0.0305	0.5846	0.767501169590643	-0.0163	0.77	0.902689295039165	0.0941
hsa-miR-4290-5p:Novel	0.0254	0.6483	0.810826462395543	-0.0023	0.9668	0.982923981900452	0.0902
hsa-miR-4302-3p:Novel	-0.1452	0.0089	0.0929325581395349	-0.1243	0.0252	0.276709302325581	0.1747
hsa-miR-4306-5p:Novel	-0.0325	0.5602	0.757619879518072	-0.0511	0.3589	0.663152674897119	0.0877
hsa-miR-4309	0.022	0.6938	0.843806182795699	-0.0405	0.4672	0.731139792387543	0.1028
hsa-miR-4309-3p:Novel	-0.0232	0.6779	0.833909863013699	0.0402	0.4706	0.731139792387543	0.0817
hsa-miR-4311	-0.1705	0.0021	0.0411583333333333	-0.1431	0.0099	0.218377272727273	0.1891
hsa-miR-4311-3p:Novel	-0.0251	0.6523	0.813563055555556	-0.0846	0.1284	0.397949315068493	0.1074
hsa-miR-4313	-0.069	0.2152	0.460118095238095	-0.0261	0.6398	0.827868011527378	0.1178
hsa-miR-4313-3p:Novel	-0.0309	0.58	0.766986803519062	0.0847	0.128	0.397949315068493	0.107
hsa-miR-4323	-0.092	0.0984	0.313344680851064	-0.0628	0.26	0.549761502347418	0.1029
hsa-miR-4326	-0.132	0.0174	0.13021	-0.0182	0.7443	0.880748947368421	0.1348
hsa-miR-4326-5p:Novel	-0.1197	0.0312	0.181873417721519	-0.0457	0.4123	0.69595	0.1376
hsa-miR-4327-3p:Novel	0.043	0.4401	0.664309060402685	0.0414	0.4582	0.722811228070175	0.0926
hsa-miR-4330	0.0845	0.1293	0.358368518518518	0.0495	0.3744	0.667666535433071	0.1088
hsa-miR-4418	-0.1834	9e-04	0.0329266666666667	-0.0873	0.1167	0.397949315068493	0.1483
hsa-miR-4421	0.0217	0.697	0.843806182795699	0.1025	0.0654	0.391203191489362	0.1601
hsa-miR-4429-3p:Novel	0.0255	0.6478	0.810826462395543	-0.0431	0.4395	0.713089247311828	0.0863
hsa-miR-4431	-0.0064	0.9086	0.954386046511628	-0.0052	0.9253	0.979815473441108	0.0798
hsa-miR-4436b-3p	-0.0805	0.1484	0.385153757225433	-0.0979	0.0786	0.391203191489362	0.1152
hsa-miR-4436b-5p	-0.0319	0.5667	0.76182125748503	-0.0213	0.7031	0.859774324324324	0.0774
hsa-miR-4437	0.0442	0.4276	0.655264163822526	0.0223	0.6897	0.858913498622589	0.1073
hsa-miR-4441	0.0079	0.8874	0.947453537735849	0.0107	0.8474	0.948834413965087	0.0832
hsa-miR-4443-3p:Novel	-0.1031	0.0637	0.257669369369369	-0.0954	0.0865	0.397949315068493	0.1505
hsa-miR-4449	0.0461	0.4082	0.645772280701754	-0.023	0.6798	0.854986554621849	0.0838
hsa-miR-4451-5p:Novel	-0.0956	0.0858	0.287494029850746	-0.0261	0.6398	0.827868011527378	0.132
hsa-miR-4452	0.0928	0.0955	0.307565	0.1882	7e-04	0.06286	0.1977
hsa-miR-4453-3p:Novel	-0.039	0.4838	0.696669551282051	-0.0256	0.6459	0.833359482758621	0.1001
hsa-miR-4466-3p:Novel	-0.163	0.0033	0.0545214285714286	-0.1392	0.0122	0.238165217391304	0.1776
hsa-miR-4472	0.0438	0.4325	0.659649491525424	0.0025	0.964	0.982923981900452	0.0819
hsa-miR-4487	0.0675	0.2255	0.468747685185185	0.2012	3e-04	0.0449	0.1842
hsa-miR-4488-3p:Novel	-0.0027	0.9621	0.976676126126126	-0.0526	0.3453	0.654175949367089	0.093
hsa-miR-4489	-0.05	0.3694	0.623873684210526	0.0216	0.6983	0.859774324324324	0.1173
hsa-miR-4489-3p:Novel	0.0377	0.4994	0.709590506329114	0.0839	0.1319	0.402878231292517	0.0953
hsa-miR-4492-5p:Novel	0.0256	0.6459	0.810826462395543	0.0761	0.1719	0.438464804469274	0.1043
hsa-miR-4494	0.0211	0.7048	0.847577540106952	0.1038	0.062	0.391203191489362	0.1199
hsa-miR-4497	-0.0976	0.0793	0.277753488372093	0.008	0.8862	0.960966904761905	0.1355
hsa-miR-4497-3p:Novel	-0.0896	0.1074	0.326788741721854	-0.1126	0.0429	0.337891525423729	0.1198
hsa-miR-4504	-0.1077	0.0529	0.249288541666667	-0.1012	0.069	0.391203191489362	0.1484
hsa-miR-4505	0.1052	0.0585	0.254017592592593	-0.0383	0.4919	0.746159121621622	0.1997
hsa-miR-4505-3p:Novel	0.0271	0.6265	0.795046197183099	-0.02	0.7203	0.867063538873995	0.0777
hsa-miR-4506	-0.0631	0.2577	0.503075217391304	-0.0845	0.1291	0.397949315068493	0.1178
hsa-miR-4508-3p:Novel	0.087	0.1179	0.339340384615385	-0.0084	0.8807	0.95746803874092	0.0923
hsa-miR-4513	-0.0286	0.6077	0.788604913294798	-0.0347	0.5335	0.76287101910828	0.1001
hsa-miR-4513-3p:Novel	-0.0223	0.6887	0.840288858695652	-0.0587	0.2918	0.584897333333333	0.1036
hsa-miR-4515	-0.0835	0.1336	0.36801472392638	-0.0866	0.1197	0.397949315068493	0.1139
hsa-miR-4516-3p:Novel	0.0396	0.4779	0.696669551282051	-0.0819	0.1415	0.407266025641026	0.1253
hsa-miR-4520-3p	0.0957	0.0856	0.287494029850746	0.0914	0.1004	0.397949315068493	0.1383
hsa-miR-4528-5p:Novel	-0.0401	0.4719	0.690172964169381	0.0023	0.9676	0.982923981900452	0.1054
hsa-miR-4534	0.0561	0.3139	0.561518326693227	0.1437	0.0096	0.218377272727273	0.1461
hsa-miR-4537-3p:Novel	0.0171	0.7584	0.872047570332481	0.0153	0.7837	0.913977402597403	0.0662
hsa-miR-4632-5p	-0.08	0.1509	0.389391379310345	-0.0695	0.2119	0.490891237113402	0.0949
hsa-miR-4634	-0.0166	0.7665	0.873840609137056	-0.0586	0.2931	0.584897333333333	0.0844
hsa-miR-4651-3p:Novel	-0.0136	0.8075	0.906033578431373	0.0215	0.7	0.859774324324324	0.0917
hsa-miR-4654	0.0348	0.5331	0.738771296296296	-0.0282	0.613	0.809520588235294	0.096
hsa-miR-4655-5p	-0.0126	0.8212	0.906033578431373	-0.0756	0.1748	0.438464804469274	0.1005
hsa-miR-4666a-5p	-0.0449	0.4209	0.651669310344828	-0.0046	0.9343	0.979815473441108	0.0851
hsa-miR-4672	-0.1332	0.0164	0.126958620689655	-0.1183	0.0332	0.310558333333333	0.1629
hsa-miR-4674	-0.1197	0.0312	0.181873417721519	-0.0321	0.5648	0.777899386503067	0.1318
hsa-miR-4674-5p:Novel	-0.1622	0.0034	0.0545214285714286	-0.1354	0.0147	0.274788	0.1773
hsa-miR-4675	0.0622	0.2643	0.504464705882353	0.0906	0.1037	0.397949315068493	0.1147
hsa-miR-4682-3p:Novel	-0.089	0.1099	0.326788741721854	0.0322	0.563	0.777806153846154	0.1345
hsa-miR-4683	0.0126	0.8219	0.906033578431373	-0.0192	0.73	0.874053333333333	0.0743
hsa-miR-4690-5p	-0.0654	0.2401	0.487804977375566	-0.0596	0.2847	0.581046818181818	0.1087
hsa-miR-4693-3p	0.006	0.914	0.954386046511628	-0.0775	0.164	0.432195321637427	0.1048
hsa-miR-4695-5p	-0.1297	0.0195	0.13897619047619	-0.1331	0.0165	0.276709302325581	0.1549
hsa-miR-4698	-0.0573	0.3035	0.553524291497976	-0.0534	0.338	0.651339055793992	0.0867
hsa-miR-4700-5p	-0.0257	0.6446	0.810826462395543	0.0944	0.0896	0.397949315068493	0.117
hsa-miR-4710-3p:Novel	-0.1396	0.0119	0.109042857142857	-0.1417	0.0107	0.218377272727273	0.162
hsa-miR-4713-3p	-0.0064	0.9085	0.954386046511628	-0.0329	0.5555	0.777007788161994	0.0653
hsa-miR-4725-5p	0.0709	0.2031	0.447019117647059	0.0532	0.3395	0.651433760683761	0.0944
hsa-miR-4732-5p	-0.0975	0.0798	0.277753488372093	-0.1169	0.0354	0.311658823529412	0.1404
hsa-miR-4738-3p	0.0495	0.3747	0.625939259259259	0.0767	0.1685	0.437320809248555	0.1114
hsa-miR-4739	0.0997	0.073	0.277753488372093	-0.0492	0.3777	0.667666535433071	0.114
hsa-miR-4739-3p:Novel	-0.0494	0.3755	0.625939259259259	0.0165	0.7674	0.901996335078534	0.1079
hsa-miR-4741	-0.0042	0.9407	0.973004576659039	-0.0323	0.5619	0.777806153846154	0.1161
hsa-miR-4748	-0.0893	0.1084	0.326788741721854	-0.0653	0.2411	0.522965700483092	0.1264
hsa-miR-4754-3p:Novel	0.0471	0.3983	0.643407446808511	0.0501	0.3685	0.667666535433071	0.1036
hsa-miR-4758-5p	-0.0191	0.7319	0.854728497409326	0.0641	0.2496	0.536222009569378	0.0945
hsa-miR-4767	-0.1542	0.0054	0.0621692307692308	-0.086	0.1224	0.397949315068493	0.1539
hsa-miR-4771-5p:Novel	-0.0906	0.1036	0.323965972222222	-0.0151	0.7864	0.914750259067357	0.1385
hsa-miR-4784-3p:Novel	-0.0952	0.0871	0.287558088235294	-0.0142	0.7994	0.918564885496183	0.1177
hsa-miR-4785	-0.1089	0.0501	0.244509782608696	-0.0833	0.1345	0.404998	0.1498
hsa-miR-4787-5p	0.0216	0.6991	0.843806182795699	0.0023	0.9673	0.982923981900452	0.0994
hsa-miR-4800-3p	-0.0512	0.3582	0.618583846153846	-0.0316	0.5705	0.778585106382979	0.0985
hsa-miR-483-5p	-0.0189	0.7348	0.854728497409326	0.1117	0.0444	0.337891525423729	0.1142
hsa-miR-484-3p:Novel	-0.1699	0.0022	0.0411583333333333	-0.1689	0.0023	0.110523076923077	0.1746
hsa-miR-5001-5p	-0.1226	0.0273	0.170245833333333	-0.1252	0.0243	0.276709302325581	0.1362
hsa-miR-5006-5p	-0.0766	0.1687	0.407238172043011	-0.0888	0.1108	0.397949315068493	0.1175
hsa-miR-501-3p	0.034	0.5418	0.746221472392638	0.0376	0.5005	0.748825657894737	0.1336
hsa-miR-504-5p	-0.1036	0.0626	0.255521818181818	-0.0761	0.1716	0.438464804469274	0.1516
hsa-miR-5090-3p:Novel	0.0621	0.2651	0.504464705882353	0.0394	0.4799	0.737928424657534	0.1067
hsa-miR-5091	-0.1238	0.0258	0.167886956521739	-0.0974	0.0802	0.391203191489362	0.1421
hsa-miR-5091-3p:Novel	0.046	0.4095	0.645772280701754	0.0724	0.1939	0.462066137566138	0.0995
hsa-miR-5092	-0.0519	0.352	0.612589147286822	0.0026	0.9633	0.982923981900452	0.1078
hsa-miR-5093	0.0248	0.6561	0.816035734072022	-0.0744	0.1817	0.44825989010989	0.086
hsa-miR-5100	-0.0493	0.3764	0.625939259259259	-0.0505	0.3652	0.667666535433071	0.0884
hsa-miR-5187-5p	-0.1126	0.0428	0.218377272727273	-0.077	0.167	0.435947674418605	0.1532
hsa-miR-5189-3p	0.0906	0.1034	0.323965972222222	0.1234	0.0263	0.276709302325581	0.1537
hsa-miR-5191	0.0979	0.0784	0.277753488372093	0.0255	0.648	0.83367335243553	0.1208
hsa-miR-5193	-0.1328	0.0168	0.127850847457627	-0.0939	0.0915	0.397949315068493	0.1673
hsa-miR-5193-5p:Novel	0.1063	0.056	0.254017592592593	0.1134	0.0413	0.337158181818182	0.1531
hsa-miR-5196-5p	0.0108	0.847	0.921100724637681	-0.0414	0.4577	0.722811228070175	0.0961
hsa-miR-519a-5p, hsa-miR-519c-5p, hsa-miR-519b-5p, hsa-miR-523-5p, hsa-miR-518e-5p, hsa-miR-522-5p	-0.0293	0.5987	0.77917768115942	0.0099	0.8591	0.954097555012225	0.1037
hsa-miR-548aa, hsa-miR-548t-3p	-0.0318	0.5687	0.76222776119403	-0.0236	0.6723	0.850317464788732	0.0902
hsa-miR-548d-5p	-0.0129	0.8165	0.906033578431373	-0.0208	0.7085	0.859774324324324	0.0875
hsa-miR-548i	0.054	0.3325	0.587573725490196	0.0831	0.1353	0.404998	0.1083
hsa-miR-550a-3-5p	-0.1021	0.0664	0.263837168141593	-0.0219	0.6944	0.858913498622589	0.0979
hsa-miR-550a-3p	-0.0871	0.1178	0.339340384615385	-0.0428	0.4431	0.713089247311828	0.1173
hsa-miR-550b-3p	-0.1105	0.0469	0.233874725274725	-0.0596	0.2847	0.581046818181818	0.1019
hsa-miR-551a	-0.1577	0.0044	0.0577285714285714	-0.0763	0.1705	0.438464804469274	0.1566
hsa-miR-5572	0.012	0.83	0.908951219512195	0.0209	0.7072	0.859774324324324	0.064
hsa-miR-5572-5p:Novel	-0.0074	0.8947	0.947453537735849	-0.0241	0.6657	0.849145738636364	0.1021
hsa-miR-5691-3p:Novel	0.0415	0.4567	0.679000993377483	0.0343	0.539	0.763441640378549	0.084
hsa-miR-5694-3p:Novel	-0.1046	0.06	0.254017592592593	-0.1062	0.0562	0.371085294117647	0.131
hsa-miR-5698	0.0501	0.3683	0.623873684210526	0.0881	0.1134	0.397949315068493	0.1036
hsa-miR-5706-3p:Novel	0.1265	0.0228	0.155789393939394	0.1245	0.025	0.276709302325581	0.1349
hsa-miR-572	-0.0704	0.206	0.449435922330097	1e-04	0.9993	0.9993	0.0956
hsa-miR-584-5p	0.0428	0.4426	0.664640133779264	-0.0049	0.9303	0.979815473441108	0.0953
hsa-miR-595-5p:Novel	-0.098	0.0782	0.277753488372093	-0.1015	0.068	0.391203191489362	0.1208
hsa-miR-598-5p	0.0815	0.1433	0.378480588235294	0.0922	0.0977	0.397949315068493	0.1505
hsa-miR-599	0.0618	0.2674	0.504464705882353	0.1242	0.0254	0.276709302325581	0.1309
hsa-miR-6068-3p:Novel	-0.121	0.0294	0.178386486486486	-0.0397	0.4765	0.73676116838488	0.1413
hsa-miR-6069-3p:Novel	0.083	0.1359	0.372067682926829	0.056	0.3149	0.612078354978355	0.1129
hsa-miR-607	-0.065	0.2433	0.49207972972973	-0.0856	0.1242	0.397949315068493	0.1084
hsa-miR-607-5p:Novel	-0.0679	0.223	0.466542325581395	-0.0919	0.0986	0.397949315068493	0.1153
hsa-miR-6070-3p:Novel	-0.1343	0.0155	0.124276785714286	-0.0822	0.1398	0.407266025641026	0.1149
hsa-miR-6071	-0.0988	0.0759	0.277753488372093	-0.0551	0.3229	0.624922844827586	0.1148
hsa-miR-6075	-0.0349	0.5319	0.738771296296296	-0.0469	0.3998	0.693089575289575	0.0974
hsa-miR-6076-3p:Novel	-0.0964	0.0833	0.285851908396947	-0.0863	0.1211	0.397949315068493	0.1425
hsa-miR-6077	-0.1042	0.0611	0.254017592592593	-0.036	0.518	0.755136363636364	0.1259
hsa-miR-608-3p:Novel	0.0678	0.2234	0.466542325581395	0.0429	0.4414	0.713089247311828	0.0987
hsa-miR-6081	-0.1731	0.0018	0.04041	-0.0633	0.2556	0.546497142857143	0.1432
hsa-miR-6083	-0.1904	6e-04	0.0299333333333333	-0.1089	0.0502	0.358487301587302	0.1713
hsa-miR-6084-5p:Novel	-0.0033	0.9529	0.974125909090909	0.0117	0.8339	0.940869346733668	0.0946
hsa-miR-6085	0.0668	0.2303	0.474333486238532	0.0497	0.3721	0.667666535433071	0.1042
hsa-miR-6085-5p:Novel	-0.0074	0.8941	0.947453537735849	0.0237	0.6705	0.850317464788732	0.0793
hsa-miR-6089	-0.1026	0.0652	0.261382142857143	-0.0902	0.1049	0.397949315068493	0.1384
hsa-miR-611	-0.0935	0.0928	0.304140145985401	-0.1005	0.0707	0.391203191489362	0.1435
hsa-miR-6124-3p:Novel	0.1305	0.0188	0.138380327868852	0.1177	0.0343	0.311658823529412	0.1657
hsa-miR-6125	0.0466	0.4036	0.643407446808511	0.0975	0.0797	0.391203191489362	0.129
hsa-miR-6125-5p:Novel	-0.1231	0.0267	0.170245833333333	-0.13	0.0193	0.276709302325581	0.1646
hsa-miR-6126-3p:Novel	0.0171	0.7594	0.872047570332481	-0.0362	0.5159	0.755136363636364	0.0881
hsa-miR-6127	0.0234	0.6754	0.833909863013699	-0.0458	0.4117	0.69595	0.1244
hsa-miR-6127-3p:Novel	0.0768	0.1681	0.407238172043011	0.031	0.5787	0.785003927492447	0.1096
hsa-miR-6130	-0.0196	0.7253	0.854728497409326	0.0481	0.3884	0.678566536964981	0.0945
hsa-miR-6131	-0.1689	0.0023	0.041308	-0.1662	0.0027	0.110523076923077	0.1904
hsa-miR-6131-5p:Novel	-0.1812	0.0011	0.0329266666666667	-0.0973	0.0802	0.391203191489362	0.1311
hsa-miR-6132	-0.1935	5e-04	0.0299333333333333	-0.1233	0.0265	0.276709302325581	0.1827
hsa-miR-6165-3p:Novel	-0.172	0.0019	0.0406238095238095	-0.0373	0.504	0.748825657894737	0.1817
hsa-miR-617-3p:Novel	0.076	0.1726	0.412220212765957	0.0989	0.0753	0.391203191489362	0.1133
hsa-miR-622	-0.0622	0.2639	0.504464705882353	-0.0914	0.1004	0.397949315068493	0.1094
hsa-miR-631-3p:Novel	-0.0957	0.0855	0.287494029850746	-0.0794	0.1539	0.421348170731707	0.1242
hsa-miR-632	-0.0466	0.4035	0.643407446808511	0.0776	0.1633	0.432195321637427	0.1224
hsa-miR-636	0.0598	0.2831	0.524202880658436	-0.059	0.29	0.584897333333333	0.1198
hsa-miR-637	0.031	0.5782	0.766986803519062	0.0682	0.2211	0.4963695	0.1116
hsa-miR-638	-0.1525	0.0059	0.0662275	0.0267	0.6327	0.823426956521739	0.1269
hsa-miR-638-3p:Novel	-0.0791	0.1556	0.396956818181818	-0.0425	0.4454	0.714230714285714	0.1157
hsa-miR-639	0.0443	0.4264	0.655264163822526	-0.0501	0.3684	0.667666535433071	0.1134
hsa-miR-641-3p:Novel	0.0716	0.1984	0.44099801980198	0.062	0.2655	0.554462790697674	0.1331
hsa-miR-645	-0.0035	0.9505	0.974125909090909	-0.03	0.5906	0.796334534534535	0.1117
hsa-miR-646	-8e-04	0.9888	0.9888	0.0293	0.5998	0.801652083333333	0.0857
hsa-miR-646-5p:Novel	-0.074	0.1842	0.426895384615385	-0.0833	0.1346	0.404998	0.1257
hsa-miR-647-3p:Novel	0.0778	0.1625	0.400892857142857	-0.0183	0.7432	0.880748947368421	0.1461
hsa-miR-650	0.0894	0.1081	0.326788741721854	0.0819	0.1412	0.407266025641026	0.112
hsa-miR-6509-5p	-0.1338	0.0159	0.125247368421053	-0.0931	0.0944	0.397949315068493	0.1495
hsa-miR-6511a-3p	0.0097	0.8613	0.929624278846154	0.0756	0.1747	0.438464804469274	0.1372
hsa-miR-6511b-5p	-0.0811	0.1454	0.38165	-0.1277	0.0215	0.276709302325581	0.1271
hsa-miR-654-5p	-0.0388	0.4869	0.698460383386582	-0.0513	0.3571	0.662553305785124	0.1083
hsa-miR-655-5p	-0.0325	0.56	0.757619879518072	0.0238	0.6692	0.850317464788732	0.1077
hsa-miR-657	-0.0129	0.8171	0.906033578431373	-0.0431	0.4395	0.713089247311828	0.0803
hsa-miR-657-5p:Novel	-0.0631	0.2575	0.503075217391304	-0.0045	0.9363	0.979815473441108	0.0939
hsa-miR-663a-3p:Novel	-0.0701	0.2085	0.452253623188406	-0.0119	0.8314	0.940869346733668	0.1105
hsa-miR-6717-3p:Novel	-0.1184	0.0331	0.183980487804878	-0.1031	0.0637	0.391203191489362	0.1397
hsa-miR-6717-5p	-0.1398	0.0118	0.109042857142857	-0.1021	0.0663	0.391203191489362	0.1475
hsa-miR-6720-3p	-0.0459	0.4099	0.645772280701754	-0.033	0.5541	0.777007788161994	0.1101
hsa-miR-6721-3p:Novel	-0.1283	0.0209	0.1466265625	-0.058	0.2982	0.589831718061674	0.1574
hsa-miR-6724-3p:Novel	-0.0141	0.7998	0.906033578431373	-0.0233	0.6763	0.852973876404494	0.0939
hsa-miR-6724-5p	-0.2325	0	0	-0.0844	0.1294	0.397949315068493	0.2078
hsa-miR-6728-5p	-0.0816	0.1429	0.378480588235294	-0.0589	0.2904	0.584897333333333	0.1075
hsa-miR-6731-5p	-0.1036	0.0625	0.255521818181818	-0.0685	0.2191	0.494351256281407	0.1231
hsa-miR-6738-5p	-0.039	0.4841	0.696669551282051	0.0144	0.7966	0.918564885496183	0.0985
hsa-miR-6745-5p:Novel	-0.1734	0.0017	0.0401736842105263	-0.0464	0.4053	0.69595	0.1669
hsa-miR-6746-5p	-0.0361	0.5172	0.727971159874608	0.0074	0.8946	0.960966904761905	0.0958
hsa-miR-6756-5p	-0.0508	0.3622	0.618698098859316	-0.0879	0.1143	0.397949315068493	0.1049
hsa-miR-6757-5p	0.1087	0.0507	0.244777419354839	0.1586	0.0042	0.12572	0.1563
hsa-miR-6760-5p	-0.088	0.114	0.33675	-0.0692	0.2143	0.491620812182741	0.1158
hsa-miR-6768-5p	-0.0308	0.5812	0.766986803519062	-0.0093	0.8677	0.954097555012225	0.0879
hsa-miR-6772-5p	0.0622	0.2643	0.504464705882353	0.0979	0.0784	0.391203191489362	0.1263
hsa-miR-6773-5p	0.0341	0.5413	0.746221472392638	0.0371	0.5055	0.748825657894737	0.1014
hsa-miR-6777-5p	-0.0029	0.9586	0.975989569160998	-0.0138	0.804	0.918564885496183	0.0726
hsa-miR-6778-5p	0.0719	0.1968	0.439617910447761	0.0853	0.1254	0.397949315068493	0.1006
hsa-miR-6787-5p	-0.0773	0.1651	0.402879891304348	-0.0139	0.8033	0.918564885496183	0.1033
hsa-miR-6788-3p	0.1361	0.0142	0.119189090909091	0.1737	0.0017	0.0954125	0.1801
hsa-miR-6790-5p	-0.0732	0.1885	0.429271212121212	-0.1244	0.0252	0.276709302325581	0.1335
hsa-miR-6793-5p	-0.078	0.1612	0.400875138121547	-0.0197	0.7241	0.869307219251337	0.1182
hsa-miR-6794-5p	-0.1437	0.0096	0.0957866666666667	-0.1234	0.0263	0.276709302325581	0.1627
hsa-miR-6802-5p	-0.1222	0.0278	0.17098904109589	-0.0972	0.0806	0.391203191489362	0.1558
hsa-miR-6805-5p	-0.0621	0.2651	0.504464705882353	-0.0524	0.347	0.654634453781513	0.1228
hsa-miR-6826-5p	-0.1181	0.0336	0.183980487804878	-0.1457	0.0086	0.218377272727273	0.1615
hsa-miR-6829-5p	0.0271	0.6269	0.795046197183099	0.0415	0.4561	0.722811228070175	0.1056
hsa-miR-6832-5p	-0.053	0.3414	0.59878359375	-0.0361	0.5178	0.755136363636364	0.107
hsa-miR-6838-5p	-0.0781	0.1607	0.400875138121547	-0.039	0.4845	0.742459044368601	0.1172
hsa-miR-6849-5p	-0.1157	0.0374	0.199911904761905	-0.0185	0.7401	0.880748947368421	0.152
hsa-miR-6861-5p	-0.0905	0.1039	0.323965972222222	-0.1163	0.0364	0.3143	0.128
hsa-miR-6867-5p	0.0062	0.9117	0.954386046511628	-0.0345	0.5365	0.763441640378549	0.0965
hsa-miR-6869-5p	-0.1429	0.01	0.0964872340425532	0.0306	0.5836	0.789266265060241	0.1794
hsa-miR-6871-5p	0.0172	0.7575	0.872047570332481	0.0723	0.1944	0.462066137566138	0.0967
hsa-miR-6874-5p	0.0508	0.3624	0.618698098859316	-0.0039	0.9445	0.979815473441108	0.0922
hsa-miR-6879-5p	-0.1144	0.0396	0.204888505747126	-0.078	0.1612	0.432195321637427	0.137
hsa-miR-6880-5p	-0.0526	0.3449	0.602568482490272	-0.0446	0.4236	0.708255925925926	0.0997
hsa-miR-6895-3p	0.0779	0.1616	0.400875138121547	0.0444	0.4259	0.708255925925926	0.0983
hsa-miR-7108-5p	0.1	0.0723	0.277753488372093	0.0757	0.1739	0.438464804469274	0.1133
hsa-miR-711	-0.0468	0.4016	0.643407446808511	-0.0459	0.4105	0.69595	0.0876
hsa-miR-7113-5p	0.0038	0.9458	0.973004576659039	-0.0881	0.1134	0.397949315068493	0.106
hsa-miR-7161-3p	-0.0132	0.8131	0.906033578431373	-0.0114	0.8377	0.941553	0.0784
hsa-miR-718	0.0472	0.3966	0.643407446808511	0.052	0.3512	0.659094583333333	0.1078
hsa-miR-7515-5p:Novel	0.0083	0.8817	0.944828878281623	0.044	0.4297	0.711492307692308	0.1247
hsa-miR-760	-0.1061	0.0565	0.254017592592593	-0.112	0.044	0.337891525423729	0.1443
hsa-miR-765-5p:Novel	0.1229	0.027	0.170245833333333	0.1868	7e-04	0.06286	0.1714
hsa-miR-770-3p:Novel	0.0024	0.9658	0.976676126126126	-0.0678	0.2235	0.498345544554456	0.0957
hsa-miR-7704-3p:Novel	-0.0038	0.9464	0.973004576659039	-0.0675	0.2258	0.499429556650246	0.0935
hsa-miR-7706	-0.0875	0.1161	0.339340384615385	0.0058	0.9172	0.975883412322275	0.1216
hsa-miR-7844-3p:Novel	-0.0356	0.5226	0.733273125	0.0084	0.8804	0.95746803874092	0.1213
hsa-miR-7845-3p:Novel	-0.1581	0.0043	0.0577285714285714	-0.0671	0.2283	0.502483823529412	0.1484
hsa-miR-7847-5p:Novel	-0.1	0.0721	0.277753488372093	-0.111	0.0458	0.342736666666667	0.1294
hsa-miR-7851-3p	0.1147	0.0391	0.204888505747126	-0.0113	0.8388	0.941553	0.1259
hsa-miR-7851-5p:Novel	0.0641	0.2497	0.498290222222222	-0.0075	0.8929	0.960966904761905	0.0956
hsa-miR-8053	-0.0412	0.4595	0.680909240924092	-0.0031	0.9557	0.982923981900452	0.0932
hsa-miR-8057-3p:Novel	-0.0903	0.1049	0.324828275862069	-0.0995	0.0736	0.391203191489362	0.1232
hsa-miR-8072	0.0136	0.8076	0.906033578431373	-0.0494	0.3757	0.667666535433071	0.093
hsa-miR-8072-3p:Novel	-0.1075	0.0533	0.249288541666667	-0.0601	0.2804	0.577521100917431	0.125
hsa-miR-8074	-0.1563	0.0048	0.0578973684210526	-0.0272	0.6255	0.818803206997084	0.1336
hsa-miR-8075-5p:Novel	-0.1606	0.0038	0.0550387096774194	-0.0661	0.2354	0.513080582524272	0.1202
hsa-miR-8077	-0.0384	0.4915	0.702150476190476	-0.0139	0.803	0.918564885496183	0.1273
hsa-miR-8079-3p:Novel	-0.0597	0.2837	0.524202880658436	-0.0313	0.5744	0.781532121212121	0.1096
hsa-miR-8080	-0.0568	0.3083	0.556110843373494	-0.0902	0.1051	0.397949315068493	0.1138
hsa-miR-8082-3p:Novel	0.0326	0.5586	0.757619879518072	0.0248	0.6565	0.839796296296296	0.09
hsa-miR-8083-3p:Novel	-0.027	0.6286	0.795046197183099	0.035	0.5305	0.761004792332268	0.0943
hsa-miR-8085	-0.0809	0.1462	0.38165	-0.0482	0.3871	0.678566536964981	0.1069
hsa-miR-8085-3p:Novel	-0.0106	0.8493	0.921100724637681	0.0458	0.4115	0.69595	0.0856
hsa-miR-8089	-0.0336	0.5468	0.74651367781155	-8e-04	0.9888	0.993512723214286	0.1158
hsa-miR-874-3p	-0.1158	0.0373	0.199911904761905	-0.0879	0.1145	0.397949315068493	0.1447
hsa-miR-885-3p	0.0671	0.2284	0.47258801843318	0.0278	0.6176	0.813203519061584	0.0878
hsa-miR-922	-0.0783	0.1598	0.400875138121547	-0.0437	0.4326	0.711492307692308	0.0914
hsa-miR-922-5p:Novel	0.0726	0.1924	0.434108542713568	0.0509	0.3611	0.664483196721311	0.1022
hsa-miR-92a-3p	-0.0125	0.8233	0.906033578431373	0.1187	0.0327	0.310558333333333	0.1341
hsa-miR-92b-5p	0.0442	0.4274	0.655264163822526	0.0078	0.8886	0.960966904761905	0.0792
hsa-miR-935	0.0093	0.8675	0.934070743405276	-0.0282	0.6125	0.809520588235294	0.0767
hsa-miR-935-5p:Novel	-0.0417	0.4545	0.677975083056478	-0.0873	0.1167	0.397949315068493	0.1061
hsa-miR-940	0.0539	0.3337	0.587573725490196	0.0996	0.0735	0.391203191489362	0.1136
hsa-miR-943-5p:Novel	0.1826	0.001	0.0329266666666667	0.1767	0.0014	0.0954125	0.1948
hsa-miR-944-5p:Novel	0.0664	0.2332	0.47594	0.1128	0.0425	0.337891525423729	0.1435
hsa-miR-9898	-0.075	0.1781	0.420878421052632	-0.0379	0.4967	0.748825657894737	0.1201
hsa-miR-9898-5p:Novel	-0.0787	0.1574	0.399280225988701	-0.0353	0.5272	0.761004792332268	0.1291
hsa-miR-9899-5p:Novel	-0.059	0.29	0.533647540983607	-0.0025	0.9637	0.982923981900452	0.1105
hsa-miR-9901	-0.004	0.9422	0.973004576659039	-0.0806	0.1479	0.414418633540373	0.1036
hsa-miR-9901-3p:Novel	-0.0994	0.0739	0.277753488372093	0.0041	0.941	0.979815473441108	0.1035
hsa-miR-9903	-0.0995	0.0737	0.277753488372093	-0.0582	0.2965	0.589064159292035	0.1276
hsa-miR-99b-3p	-0.0437	0.4334	0.659649491525424	-0.0567	0.3091	0.603416956521739	0.091
