miRNA	SC	SC.p	SC.fdr	PC	PC.p	PC.fdr	DC
hsa-let-7a-3p	-0.0111	0.839	0.92602113022113	-0.0447	0.4152	0.704675849056604	0.0686
hsa-let-7a-5p	-0.0371	0.4989	0.754259731543624	-0.0209	0.7031	0.853221351351351	0.0776
hsa-let-7b-5p	-0.006	0.9135	0.962820422535211	-0.0402	0.4636	0.730373333333333	0.0684
hsa-miR-10392-5p	0.1117	0.041	0.300046031746032	0.0201	0.714	0.857181818181818	0.127
hsa-miR-10397-3p	-0.0218	0.691	0.883928774928775	-0.0755	0.1679	0.58896171875	0.0831
hsa-miR-10400-5p	0.0542	0.3229	0.611738818565401	0.0183	0.7382	0.874543007915567	0.1412
hsa-miR-10401-5p	-0.0799	0.1444	0.464173103448276	-0.051	0.3519	0.671787711864407	0.1207
hsa-miR-10523-3p:Novel	0.0466	0.3949	0.681961923076923	0.0247	0.6525	0.831985552407932	0.0849
hsa-miR-106b-5p	-0.0723	0.1867	0.508011428571429	-0.0116	0.8324	0.923798288508557	0.1202
hsa-miR-11399-3p:Novel	-0.0588	0.2833	0.572980630630631	0.0227	0.6792	0.845906077348066	0.0884
hsa-miR-1181-3p:Novel	-0.0875	0.1099	0.41956974789916	-0.0679	0.2154	0.593341104294479	0.0983
hsa-miR-1184	-0.0956	0.0807	0.377440625	-0.0907	0.0975	0.545632608695652	0.1131
hsa-miR-1202	-0.0301	0.5828	0.807645679012346	-0.0025	0.9635	0.976549661399549	0.095
hsa-miR-1202-3p:Novel	-0.0882	0.1071	0.41956974789916	-0.0635	0.2461	0.600931891891892	0.1155
hsa-miR-1203	-0.0604	0.2706	0.565615277777778	-0.0532	0.332	0.654791666666667	0.1059
hsa-miR-12117-3p:Novel	0.0813	0.1376	0.454282352941176	0.0212	0.6997	0.85139647696477	0.0885
hsa-miR-12118-3p:Novel	-0.0134	0.8076	0.918216169154229	-0.0246	0.6541	0.831985552407932	0.0827
hsa-miR-12119	-0.0714	0.1921	0.508011428571429	-0.0122	0.8244	0.923081296758105	0.0942
hsa-miR-12120-3p:Novel	0.0153	0.7804	0.918216169154229	-0.0071	0.8965	0.951816312056738	0.0828
hsa-miR-12121	0.0164	0.7644	0.917688770053476	-0.0053	0.923	0.96233587962963	0.0871
hsa-miR-12123	0.0193	0.7244	0.900985041551246	0.0548	0.3171	0.640680717488789	0.1123
hsa-miR-12126-5p:Novel	-0.0741	0.176	0.498670625	-0.0732	0.1812	0.591508695652174	0.1109
hsa-miR-12127	-0.074	0.1768	0.498670625	-0.0182	0.7404	0.874841052631579	0.112
hsa-miR-12128	-0.0962	0.0787	0.373378947368421	-0.0564	0.303	0.638718309859155	0.1093
hsa-miR-12136	0.0607	0.268	0.565615277777778	-0.0071	0.8967	0.951816312056738	0.0945
hsa-miR-12136-3p:Novel	0.0873	0.1105	0.41956974789916	0.0937	0.0869	0.541918055555556	0.1237
hsa-miR-122-5p	-3e-04	0.9962	0.9962	0.0447	0.4151	0.704675849056604	0.0898
hsa-miR-1229-5p	-0.0616	0.2609	0.565615277777778	-0.0212	0.699	0.85139647696477	0.1
hsa-miR-1231	-0.0391	0.4755	0.743900696864111	-0.0654	0.2328	0.600931891891892	0.1126
hsa-miR-1231-3p:Novel	-0.0747	0.1728	0.497353846153846	-0.0626	0.2533	0.606743915343915	0.1131
hsa-miR-124-5p	-0.0014	0.9802	0.995723529411765	-0.0703	0.1992	0.591508695652174	0.0986
hsa-miR-1246-3p:Novel	8e-04	0.9878	0.9962	0.014	0.7992	0.903881108312343	0.0788
hsa-miR-1250-5p	0.0764	0.1632	0.486219736842105	-0.0278	0.6127	0.820590801186944	0.1137
hsa-miR-1255b-5p	0.1557	0.0043	0.128713333333333	0.0636	0.2455	0.600931891891892	0.1331
hsa-miR-1257	-0.0018	0.9737	0.993196145124717	-0.0418	0.4453	0.723262815884476	0.0859
hsa-miR-1257-3p:Novel	-0.0604	0.2704	0.565615277777778	-0.0042	0.9397	0.964889749430524	0.1017
hsa-miR-125b-5p	-0.0831	0.1288	0.441910526315789	-0.114	0.0371	0.493151666666667	0.1369
hsa-miR-1260a-3p:Novel	-0.0832	0.1286	0.441910526315789	-0.0873	0.1105	0.545632608695652	0.1416
hsa-miR-1260b	-0.1362	0.0126	0.210067857142857	-0.1355	0.013	0.459361538461538	0.1554
hsa-miR-1267-3p:Novel	-0.0281	0.6089	0.82847303030303	-0.0688	0.2094	0.591508695652174	0.0965
hsa-miR-1272	-0.0413	0.451	0.725802867383513	-0.077	0.1594	0.584786290322581	0.1071
hsa-miR-1272-3p:Novel	0.0038	0.9441	0.978985912240185	0.0652	0.2343	0.600931891891892	0.0942
hsa-miR-1275-3p:Novel	0.0095	0.863	0.942790754257908	0.0053	0.9235	0.96233587962963	0.1236
hsa-miR-128-3p	-0.0218	0.6905	0.883928774928775	0.1014	0.0638	0.493151666666667	0.1209
hsa-miR-1281	-0.035	0.5235	0.765932573289902	-0.0693	0.2057	0.591508695652174	0.09
hsa-miR-1284	0.0196	0.7205	0.898623611111111	0.0402	0.4633	0.730373333333333	0.0866
hsa-miR-1285-3p	0.0151	0.7832	0.918216169154229	-0.0567	0.3008	0.638718309859155	0.0933
hsa-miR-1287-5p	0.0345	0.5291	0.767486816720257	-0.0686	0.2104	0.591508695652174	0.0964
hsa-miR-1288-5p	0.0682	0.213	0.525796174863388	0.0873	0.1108	0.545632608695652	0.1385
hsa-miR-1290-5p:Novel	0.0198	0.7176	0.897499721448468	-0.0176	0.7489	0.878473177083333	0.1143
hsa-miR-1291-3p:Novel	-0.0809	0.1394	0.456865693430657	-0.0858	0.117	0.548879591836735	0.12
hsa-miR-1293	0.0426	0.4368	0.716269708029197	0.091	0.0965	0.545632608695652	0.119
hsa-miR-1294	0.0911	0.0958	0.4041	0.0637	0.245	0.600931891891892	0.093
hsa-miR-1302	-0.0184	0.7366	0.903643169398907	-0.0248	0.651	0.831985552407932	0.0691
hsa-miR-1306-3p	0.0134	0.8072	0.918216169154229	0.0154	0.7786	0.89204387755102	0.0808
hsa-miR-1307-3p	-0.059	0.2817	0.572322624434389	-0.0967	0.0771	0.532583076923077	0.1008
hsa-miR-1324	0.094	0.0859	0.388834	0.0248	0.6515	0.831985552407932	0.0972
hsa-miR-137-3p	-0.0142	0.7958	0.918216169154229	-0.0468	0.3931	0.704675849056604	0.088
hsa-miR-143-3p	0.008	0.8846	0.954772596153846	-0.0514	0.3487	0.671787711864407	0.0951
hsa-miR-1469-3p:Novel	-0.0379	0.4893	0.754259731543624	-0.1068	0.0508	0.493151666666667	0.1035
hsa-miR-148a-3p	-0.072	0.1885	0.508011428571429	-0.0455	0.4062	0.704675849056604	0.0673
hsa-miR-149-3p	0.0527	0.3366	0.621948148148148	0.0778	0.1554	0.584786290322581	0.1098
hsa-miR-151a-3p	0.0763	0.1634	0.486219736842105	-0.0161	0.7697	0.891288144329897	0.1211
hsa-miR-1587-3p:Novel	0.0369	0.5006	0.754259731543624	-0.0268	0.6256	0.821985087719298	0.1086
hsa-miR-181b-5p	0.0863	0.1149	0.4224192	0.0912	0.0956	0.545632608695652	0.1236
hsa-miR-181c-3p	0.0755	0.1682	0.493606535947712	-0.0392	0.4745	0.737198961937716	0.121
hsa-miR-182-3p	-0.0131	0.811	0.918216169154229	-0.0566	0.3012	0.638718309859155	0.1156
hsa-miR-182-5p	0.0175	0.7498	0.907439892183288	-0.0045	0.9345	0.964423165137615	0.0723
hsa-miR-1910-3p	-0.0593	0.2791	0.572322624434389	0.0269	0.6231	0.821985087719298	0.1091
hsa-miR-1913	-0.086	0.1163	0.4224192	-0.1007	0.0657	0.493151666666667	0.1122
hsa-miR-192-5p	-0.1041	0.0571	0.34250641025641	-0.0591	0.2804	0.638718309859155	0.0807
hsa-miR-194-1-3p:Novel	-0.1126	0.0395	0.300046031746032	-0.0728	0.1837	0.591508695652174	0.0949
hsa-miR-194-3p	-0.1365	0.0124	0.210067857142857	-0.0715	0.1918	0.591508695652174	0.1042
hsa-miR-194-5p	-0.116	0.0338	0.29185	-0.073	0.1826	0.591508695652174	0.1531
hsa-miR-197-5p	-0.0566	0.302	0.587004329004329	-0.0446	0.4159	0.704675849056604	0.0848
hsa-miR-199a-3p, hsa-miR-199b-3p	0.0123	0.8221	0.918216169154229	-0.059	0.2816	0.638718309859155	0.0876
hsa-miR-200a-3p	-0.035	0.5237	0.765932573289902	-0.0472	0.3893	0.704675849056604	0.0874
hsa-miR-200b-3p	-0.0921	0.0924	0.402792233009709	-0.041	0.455	0.728786120996441	0.0722
hsa-miR-200c-3p	-0.0485	0.3764	0.662759215686274	-0.0597	0.2756	0.638718309859155	0.0814
hsa-miR-206-5p:Novel	0.0257	0.639	0.845572647058824	0.0655	0.2319	0.600931891891892	0.0943
hsa-miR-21-5p	-0.0792	0.1478	0.464173103448276	-0.0233	0.6713	0.843818994413408	0.0723
hsa-miR-2110	0.1077	0.049	0.318855072463768	0.1249	0.0222	0.493151666666667	0.1273
hsa-miR-2110-3p:Novel	0.1176	0.0314	0.281972	0.1492	0.0062	0.394122222222222	0.1444
hsa-miR-2114-5p	0.1149	0.0356	0.296007407407407	0.1181	0.0307	0.493151666666667	0.1268
hsa-miR-215-5p	-0.1416	0.0095	0.210067857142857	-0.0692	0.2063	0.591508695652174	0.0836
hsa-miR-219a-5p	0.0644	0.2395	0.560080729166667	0.0279	0.6112	0.820590801186944	0.1419
hsa-miR-2278-3p:Novel	-0.0071	0.8976	0.95747654028436	0.061	0.2659	0.628363684210526	0.0995
hsa-miR-2392	0.0335	0.5413	0.771567301587302	0.1378	0.0115	0.459361538461538	0.1135
hsa-miR-23c	-0.0882	0.1072	0.41956974789916	0.0291	0.5954	0.820590801186944	0.0878
hsa-miR-2681-3p	-0.016	0.7707	0.918216169154229	-0.0386	0.4814	0.742778694158076	0.0883
hsa-miR-2861	-0.0313	0.568	0.794492211838006	-0.0174	0.7508	0.878473177083333	0.0719
hsa-miR-2861-5p:Novel	0.0534	0.3301	0.616676348547718	0.0249	0.6502	0.831985552407932	0.1243
hsa-miR-300	0.0218	0.6907	0.883928774928775	-4e-04	0.9943	0.9943	0.0699
hsa-miR-3064-5p	-0.0395	0.4715	0.740222027972028	-0.033	0.5472	0.797703896103896	0.0928
hsa-miR-3085-5p	-0.0111	0.8394	0.92602113022113	-0.0284	0.6048	0.820590801186944	0.0687
hsa-miR-30c-5p	-0.0738	0.1777	0.498670625	-0.0459	0.4022	0.704675849056604	0.0978
hsa-miR-3125	-0.0233	0.6712	0.876072093023256	0.1179	0.031	0.493151666666667	0.1275
hsa-miR-3127-5p	0.0248	0.6506	0.856655131964809	-0.0283	0.6053	0.820590801186944	0.1041
hsa-miR-3136-5p	0.0084	0.878	0.952227053140097	0.0855	0.1183	0.548879591836735	0.1098
hsa-miR-3137	0.004	0.9416	0.978653703703704	-0.0755	0.1679	0.58896171875	0.112
hsa-miR-3137-3p:Novel	-0.036	0.5111	0.759880463576159	0.026	0.636	0.827721739130435	0.0943
hsa-miR-3138-5p:Novel	0.0862	0.1152	0.4224192	0.0566	0.3014	0.638718309859155	0.1048
hsa-miR-3141-3p:Novel	0.0635	0.2461	0.565615277777778	0.0031	0.9551	0.972426077097506	0.0984
hsa-miR-3154	-0.0607	0.2678	0.565615277777778	-0.0451	0.4106	0.704675849056604	0.0974
hsa-miR-3154-5p:Novel	-0.0719	0.1893	0.508011428571429	-0.0473	0.3884	0.704675849056604	0.1079
hsa-miR-3155a	0.0451	0.4108	0.690820973782772	0.0312	0.5697	0.812048571428571	0.0789
hsa-miR-3155b	0.059	0.2817	0.572322624434389	0.009	0.8694	0.942360336538462	0.086
hsa-miR-3156-3p	0.0158	0.7728	0.918216169154229	0.044	0.4223	0.71282969924812	0.0684
hsa-miR-3160-3p	-0.0446	0.4158	0.692719188191882	-0.0929	0.0894	0.544867567567568	0.105
hsa-miR-3160-5p	-0.0617	0.2604	0.565615277777778	-0.0942	0.085	0.541918055555556	0.1003
hsa-miR-3168-3p:Novel	0.0531	0.333	0.617838842975207	0.0447	0.4147	0.704675849056604	0.093
hsa-miR-3169	0.1735	0.0014	0.0898	0.1097	0.0449	0.493151666666667	0.1568
hsa-miR-3169-3p:Novel	0.1318	0.0157	0.227065714285714	0.0798	0.1452	0.584786290322581	0.1311
hsa-miR-3170	0.1295	0.0177	0.227065714285714	0.0762	0.1642	0.585125396825397	0.1333
hsa-miR-3170-3p:Novel	-0.0143	0.7946	0.918216169154229	0.0589	0.2823	0.638718309859155	0.0855
hsa-miR-3176-5p:Novel	-0.0761	0.1644	0.486219736842105	-0.0511	0.3513	0.671787711864407	0.0957
hsa-miR-3178-3p:Novel	0.0625	0.2543	0.565615277777778	0.0559	0.3075	0.640680717488789	0.0943
hsa-miR-3180	0.0202	0.7125	0.893610335195531	0.069	0.2075	0.591508695652174	0.0996
hsa-miR-3180-3p	-0.1033	0.0589	0.34250641025641	-0.0803	0.1424	0.584786290322581	0.1563
hsa-miR-3180-4-3p:Novel, hsa-miR-3180-5-3p:Novel	-0.1263	0.0208	0.245768421052632	0.0147	0.7892	0.899367512690355	0.1277
hsa-miR-3180-5p	-0.0409	0.4552	0.727348042704626	0.0464	0.3972	0.704675849056604	0.0929
hsa-miR-3185-3p:Novel	-0.122	0.0255	0.267404444444444	-0.0793	0.1477	0.584786290322581	0.1332
hsa-miR-3190-3p	-0.0547	0.3179	0.609987606837607	-0.0946	0.084	0.541918055555556	0.0973
hsa-miR-3195	0.0073	0.8935	0.95747654028436	0.0767	0.1615	0.584786290322581	0.0952
hsa-miR-3195-3p:Novel	0.0977	0.074	0.373378947368421	0.0566	0.3018	0.638718309859155	0.1097
hsa-miR-3196-3p:Novel	0.0189	0.7306	0.903643169398907	0.0101	0.8541	0.935343658536585	0.1025
hsa-miR-320a-3p	-0.0475	0.3865	0.675247081712062	-0.0275	0.6159	0.820590801186944	0.0703
hsa-miR-320c	-0.0099	0.857	0.939614634146341	-0.004	0.9419	0.964889749430524	0.0887
hsa-miR-320d	-0.0141	0.7965	0.918216169154229	-0.0419	0.4447	0.723262815884476	0.0983
hsa-miR-320d-1-5p:Novel	0.1111	0.0421	0.300046031746032	-0.0225	0.682	0.845906077348066	0.1124
hsa-miR-320e-5p:Novel	-0.0126	0.8181	0.918216169154229	-0.029	0.597	0.820590801186944	0.0699
hsa-miR-323a-5p	-0.0573	0.296	0.57784347826087	-0.1175	0.0316	0.493151666666667	0.1275
hsa-miR-324-5p	0.0499	0.3628	0.648555555555556	-0.0427	0.4357	0.723262815884476	0.0867
hsa-miR-326-5p:Novel	-0.124	0.0232	0.267097435897436	-0.0791	0.1484	0.584786290322581	0.1239
hsa-miR-345-3p	-0.063	0.2504	0.565615277777778	-0.0088	0.873	0.942360336538462	0.106
hsa-miR-3615-5p:Novel	-0.0796	0.1459	0.464173103448276	-0.0326	0.5523	0.802533009708738	0.0997
hsa-miR-3619-3p	-0.1933	4e-04	0.0449	-0.0225	0.6815	0.845906077348066	0.1612
hsa-miR-3621-3p:Novel	-0.0698	0.2024	0.513432768361582	0.0319	0.5606	0.804326837060703	0.0964
hsa-miR-3622a-5p	-0.014	0.7988	0.918216169154229	-0.0039	0.9434	0.964889749430524	0.0863
hsa-miR-3648	0.0842	0.1239	0.438040157480315	0.0743	0.1749	0.591508695652174	0.133
hsa-miR-3648-3p:Novel	0.0654	0.2327	0.552816402116402	0.0132	0.8098	0.912404010025063	0.0903
hsa-miR-3652-3p:Novel	-0.0544	0.3209	0.611096610169491	-0.0379	0.4896	0.752843835616438	0.0878
hsa-miR-3665-3p:Novel	0.0129	0.8138	0.918216169154229	0.079	0.1489	0.584786290322581	0.1225
hsa-miR-3668-3p:Novel	0.0828	0.1303	0.441910526315789	0.1114	0.0416	0.493151666666667	0.1194
hsa-miR-3682-3p	0.0165	0.7631	0.917688770053476	-0.0651	0.2344	0.600931891891892	0.0982
hsa-miR-3689d-3p:Novel	-0.0017	0.9746	0.993196145124717	-5e-04	0.9932	0.9943	0.096
hsa-miR-3714-3p:Novel	0.0533	0.331	0.616676348547718	0.0836	0.1266	0.568434	0.0855
hsa-miR-371a-3p	0.0827	0.1309	0.441910526315789	0.1006	0.0659	0.493151666666667	0.1042
hsa-miR-371a-5p	-0.0129	0.8143	0.918216169154229	-0.0548	0.3177	0.640680717488789	0.0845
hsa-miR-378a-3p	-0.0215	0.6944	0.884262889518414	-0.0497	0.3642	0.685609958506224	0.0756
hsa-miR-378h	-0.1077	0.0489	0.318855072463768	-0.1192	0.0292	0.493151666666667	0.1244
hsa-miR-378h-3p:Novel	-0.0265	0.6284	0.844765269461078	0.0623	0.2554	0.606743915343915	0.1124
hsa-miR-378i	-0.1169	0.0324	0.285247058823529	-0.0454	0.4072	0.704675849056604	0.1278
hsa-miR-378i-3p:Novel	-0.0947	0.0836	0.386973195876289	-0.0705	0.1977	0.591508695652174	0.1208
hsa-miR-378j-3p:Novel	-0.1001	0.0672	0.362407142857143	-0.0333	0.5431	0.79518338762215	0.1111
hsa-miR-3907	-0.0264	0.6308	0.845460298507463	-0.0175	0.7497	0.878473177083333	0.0688
hsa-miR-3907-5p:Novel	-0.0625	0.2542	0.565615277777778	-0.0662	0.2271	0.600931891891892	0.0997
hsa-miR-3911-3p:Novel	0.0178	0.7458	0.907439892183288	-0.0089	0.8706	0.942360336538462	0.077
hsa-miR-3916-3p:Novel	-0.1	0.0675	0.362407142857143	0.0082	0.8817	0.949360431654676	0.1176
hsa-miR-3920	-0.0208	0.7047	0.890054213483146	0.054	0.3241	0.649646875	0.0764
hsa-miR-3928-3p	-0.0544	0.3212	0.611096610169491	-0.0549	0.316	0.640680717488789	0.1004
hsa-miR-3934-3p	0.0034	0.9511	0.983464827586207	-0.04	0.4653	0.730488461538462	0.0837
hsa-miR-3935	-0.118	0.0309	0.281972	-0.0459	0.4026	0.704675849056604	0.1083
hsa-miR-3943-3p:Novel	-0.0701	0.2004	0.511247727272727	-0.0724	0.1864	0.591508695652174	0.0807
hsa-miR-3960	0.0411	0.4535	0.727219642857143	0.0346	0.5278	0.783091447368421	0.0873
hsa-miR-3960-5p:Novel	0.0418	0.4459	0.725395289855072	0.092	0.0927	0.545632608695652	0.1214
hsa-miR-3972	0.0583	0.2874	0.573170353982301	-0.0424	0.4387	0.723262815884476	0.0939
hsa-miR-3972-5p:Novel	-0.1359	0.0128	0.210067857142857	-0.1666	0.0022	0.24695	0.185
hsa-miR-3976	-0.0042	0.9385	0.977694895591647	-0.0349	0.5241	0.783091447368421	0.0879
hsa-miR-3976-3p:Novel	-0.0124	0.8214	0.918216169154229	-0.0689	0.2084	0.591508695652174	0.0812
hsa-miR-422a	0.0131	0.8111	0.918216169154229	0.0412	0.4528	0.728786120996441	0.0809
hsa-miR-423-5p	-0.0322	0.557	0.783990595611285	-0.0129	0.8144	0.914164	0.07
hsa-miR-425-3p	-0.0621	0.257	0.565615277777778	-0.1041	0.0569	0.493151666666667	0.1269
hsa-miR-4252	-0.1038	0.0578	0.34250641025641	-0.1115	0.0414	0.493151666666667	0.1286
hsa-miR-4254	-0.0262	0.6329	0.845572647058824	0.0821	0.1336	0.584786290322581	0.1079
hsa-miR-4254-5p:Novel	-0.0225	0.6814	0.883928774928775	-0.0119	0.8284	0.923798288508557	0.0617
hsa-miR-4258-3p:Novel	0.0378	0.4907	0.754259731543624	0.0825	0.1319	0.584786290322581	0.1242
hsa-miR-4259	-0.0622	0.2564	0.565615277777778	0.0014	0.9797	0.988506292134831	0.0905
hsa-miR-4259-5p:Novel	-0.0498	0.3631	0.648555555555556	-0.0019	0.9719	0.98284481981982	0.0946
hsa-miR-4263	0.0441	0.421	0.694959558823529	-0.0438	0.4242	0.713355056179775	0.1054
hsa-miR-4274	-0.0748	0.1717	0.497353846153846	-0.0778	0.1553	0.584786290322581	0.1222
hsa-miR-4276-3p:Novel	-0.218	1e-04	0.0149666666666667	-0.2094	1e-04	0.0449	0.2333
hsa-miR-4277	-0.0348	0.5259	0.766652922077922	-0.0243	0.6573	0.83369406779661	0.0785
hsa-miR-4281	-0.1593	0.0035	0.124338461538462	-0.1082	0.0478	0.493151666666667	0.1664
hsa-miR-4283	0.0999	0.0678	0.362407142857143	0.0392	0.4743	0.737198961937716	0.101
hsa-miR-4283-3p:Novel	0.1069	0.0506	0.324562857142857	0.0797	0.1455	0.584786290322581	0.1167
hsa-miR-4284-3p:Novel	-0.1542	0.0047	0.13189375	-0.1114	0.0416	0.493151666666667	0.1586
hsa-miR-4285-3p:Novel	-0.0114	0.8354	0.92602113022113	0.0298	0.5874	0.820590801186944	0.0962
hsa-miR-4286-3p:Novel	-0.0152	0.7819	0.918216169154229	0.0111	0.8402	0.923798288508557	0.0851
hsa-miR-4290	0.0404	0.4609	0.728676408450704	0.0956	0.0805	0.539470149253731	0.106
hsa-miR-4290-5p:Novel	-0.0602	0.2721	0.565615277777778	-0.1124	0.0397	0.493151666666667	0.113
hsa-miR-4302-3p:Novel	-0.0938	0.0866	0.388834	-0.1071	0.0501	0.493151666666667	0.1217
hsa-miR-4306-5p:Novel	0.0713	0.1928	0.508011428571429	0.0267	0.6261	0.821985087719298	0.1092
hsa-miR-4309	0.0136	0.8037	0.918216169154229	-0.0071	0.8967	0.951816312056738	0.0709
hsa-miR-4309-3p:Novel	0.0857	0.1176	0.4224192	0.0455	0.4063	0.704675849056604	0.09
hsa-miR-4311	-0.0375	0.4935	0.754259731543624	-0.0189	0.731	0.868304232804233	0.0838
hsa-miR-4311-3p:Novel	-0.0626	0.253	0.565615277777778	0.0033	0.9517	0.971166590909091	0.1165
hsa-miR-4313	-0.0575	0.2941	0.57784347826087	-0.069	0.2076	0.591508695652174	0.0984
hsa-miR-4313-3p:Novel	5e-04	0.9923	0.9962	0.0364	0.507	0.771671186440678	0.0746
hsa-miR-4323	-0.1365	0.0124	0.210067857142857	-0.0853	0.1191	0.548879591836735	0.1215
hsa-miR-4326	-0.1669	0.0022	0.109755555555556	-0.0299	0.5855	0.820590801186944	0.1456
hsa-miR-4326-5p:Novel	-0.0573	0.2955	0.57784347826087	-0.0269	0.6235	0.821985087719298	0.0813
hsa-miR-4327-3p:Novel	-0.0101	0.8544	0.939614634146341	0.0669	0.2219	0.600931891891892	0.0904
hsa-miR-4330	0.0207	0.7057	0.890054213483146	0.0088	0.8731	0.942360336538462	0.0919
hsa-miR-4418	0.0185	0.7365	0.903643169398907	0.1065	0.0514	0.493151666666667	0.1093
hsa-miR-4421	-0.0176	0.7489	0.907439892183288	0.0959	0.0798	0.539470149253731	0.1025
hsa-miR-4429-3p:Novel	0.0028	0.96	0.988623853211009	0.0044	0.9365	0.964423165137615	0.0757
hsa-miR-4431	0.1296	0.0176	0.227065714285714	0.052	0.3427	0.666113852813853	0.1168
hsa-miR-4436b-3p	0.042	0.444	0.724930909090909	-0.0305	0.5786	0.816954088050314	0.0921
hsa-miR-4436b-5p	-0.0298	0.5873	0.808888650306749	-0.0576	0.2928	0.638718309859155	0.0792
hsa-miR-4437	0.1113	0.0418	0.300046031746032	0.145	0.0079	0.394122222222222	0.1473
hsa-miR-4441	-0.0648	0.237	0.557371204188482	-0.0495	0.3665	0.685609958506224	0.0852
hsa-miR-4443-3p:Novel	-0.0846	0.1223	0.435815079365079	-0.0928	0.0898	0.544867567567568	0.1361
hsa-miR-4449	0.0599	0.2741	0.567147004608295	0.0685	0.2112	0.591508695652174	0.1184
hsa-miR-4451-5p:Novel	0.0045	0.9347	0.976000697674419	0.0349	0.5247	0.783091447368421	0.0824
hsa-miR-4452	-0.0343	0.5316	0.767486816720257	0.0768	0.161	0.584786290322581	0.1146
hsa-miR-4453-3p:Novel	-0.0405	0.4602	0.728676408450704	-0.029	0.5969	0.820590801186944	0.0873
hsa-miR-4466-3p:Novel	-0.1431	0.0087	0.205594736842105	-0.1027	0.0603	0.493151666666667	0.13
hsa-miR-4472	0.0319	0.5601	0.7858903125	-0.0113	0.8369	0.923798288508557	0.0763
hsa-miR-4487	-0.0343	0.5312	0.767486816720257	0.0723	0.1866	0.591508695652174	0.1238
hsa-miR-4488-3p:Novel	0.0457	0.4041	0.687276136363636	-0.0088	0.8721	0.942360336538462	0.118
hsa-miR-4489	-0.1308	0.0166	0.227065714285714	-0.1184	0.0302	0.493151666666667	0.1328
hsa-miR-4489-3p:Novel	-0.0387	0.4805	0.749112847222222	-0.0256	0.6402	0.83019711815562	0.0963
hsa-miR-4492-5p:Novel	0.0501	0.3604	0.648555555555556	0.1159	0.034	0.493151666666667	0.1181
hsa-miR-4494	0.0337	0.5393	0.771567301587302	0.0509	0.3531	0.671787711864407	0.0869
hsa-miR-4497	-0.0582	0.2885	0.573170353982301	0.0196	0.721	0.863277333333333	0.0855
hsa-miR-4497-3p:Novel	0.0472	0.3896	0.67540694980695	-0.0052	0.925	0.96233587962963	0.1204
hsa-miR-4504	-0.1802	9e-04	0.08082	-0.1677	0.0021	0.24695	0.1711
hsa-miR-4505	0.1155	0.0346	0.293120754716981	-0.043	0.4325	0.721905204460967	0.1341
hsa-miR-4505-3p:Novel	0.1629	0.0028	0.114290909090909	0.0749	0.1714	0.591508695652174	0.1434
hsa-miR-4506	0.0064	0.9076	0.960965647058823	-0.0587	0.2844	0.638718309859155	0.0904
hsa-miR-4508-3p:Novel	0.1045	0.0561	0.34250641025641	0.1245	0.0227	0.493151666666667	0.1579
hsa-miR-4513	-0.0751	0.1701	0.495940909090909	-0.0992	0.0698	0.505487096774194	0.1135
hsa-miR-4513-3p:Novel	0.0124	0.8206	0.918216169154229	0.0232	0.6727	0.843818994413408	0.0766
hsa-miR-4515	-0.1008	0.0654	0.362407142857143	-0.0624	0.2547	0.606743915343915	0.1342
hsa-miR-4516-3p:Novel	0.0619	0.2586	0.565615277777778	0.0574	0.2949	0.638718309859155	0.1212
hsa-miR-4520-3p	0.0607	0.2679	0.565615277777778	0.0446	0.4156	0.704675849056604	0.0939
hsa-miR-4528-5p:Novel	-0.0098	0.858	0.939614634146341	-0.0688	0.2089	0.591508695652174	0.0883
hsa-miR-4534	0.0961	0.079	0.373378947368421	0.1253	0.0218	0.493151666666667	0.1239
hsa-miR-4537-3p:Novel	-0.0151	0.7825	0.918216169154229	0.0249	0.6499	0.831985552407932	0.061
hsa-miR-4632-5p	-0.0326	0.5522	0.782138170347003	-0.0915	0.0945	0.545632608695652	0.114
hsa-miR-4634	0.066	0.2286	0.545964893617021	0.1073	0.0498	0.493151666666667	0.1215
hsa-miR-4651-3p:Novel	-0.0121	0.8254	0.919614392059553	0.0411	0.4536	0.728786120996441	0.0844
hsa-miR-4654	0.1028	0.0603	0.342717721518987	0.1017	0.0629	0.493151666666667	0.1456
hsa-miR-4655-5p	0.0222	0.6859	0.883928774928775	-0.016	0.7702	0.891288144329897	0.071
hsa-miR-4666a-5p	-0.0272	0.6199	0.835841141141141	-0.0939	0.0861	0.541918055555556	0.1045
hsa-miR-4672	-0.1561	0.0042	0.128713333333333	-0.1351	0.0133	0.459361538461538	0.1793
hsa-miR-4674	-0.0828	0.1304	0.441910526315789	-0.0089	0.8705	0.942360336538462	0.0905
hsa-miR-4674-5p:Novel	-0.0894	0.1022	0.417161818181818	-0.0517	0.3455	0.668661637931034	0.1171
hsa-miR-4675	0.005	0.9272	0.970426107226107	0.1063	0.0518	0.493151666666667	0.0966
hsa-miR-4682-3p:Novel	-0.0157	0.775	0.918216169154229	0.0681	0.2138	0.592569135802469	0.0986
hsa-miR-4683	-0.007	0.8987	0.95747654028436	-0.0287	0.6012	0.820590801186944	0.0785
hsa-miR-4690-5p	0.0729	0.1832	0.507758024691358	0.0702	0.1997	0.591508695652174	0.1185
hsa-miR-4693-3p	0.0058	0.9159	0.963089227166276	-0.064	0.2428	0.600931891891892	0.0981
hsa-miR-4695-5p	0.0482	0.3787	0.664204296875	0.0531	0.3325	0.654791666666667	0.088
hsa-miR-4698	0.0138	0.8006	0.918216169154229	-0.0164	0.7653	0.890206476683938	0.0638
hsa-miR-4700-5p	-0.1369	0.0121	0.210067857142857	0.1022	0.0616	0.493151666666667	0.1234
hsa-miR-4710-3p:Novel	-0.1214	0.0263	0.267404444444444	-0.0533	0.3312	0.654791666666667	0.1222
hsa-miR-4713-3p	0.0081	0.8832	0.954772596153846	0.0725	0.1856	0.591508695652174	0.0907
hsa-miR-4725-5p	-0.0011	0.984	0.995991216216216	-0.0219	0.6897	0.849532602739726	0.08
hsa-miR-4732-5p	-0.0828	0.1303	0.441910526315789	-0.0496	0.3657	0.685609958506224	0.1166
hsa-miR-4738-3p	0.0364	0.5066	0.756885714285714	0.1128	0.0391	0.493151666666667	0.1009
hsa-miR-4739	-0.0354	0.518	0.765072368421053	0.0898	0.101	0.545632608695652	0.114
hsa-miR-4739-3p:Novel	-0.1119	0.0406	0.300046031746032	0.0323	0.5559	0.802569453376206	0.0952
hsa-miR-4741	-0.0077	0.8883	0.95646690647482	0.0275	0.6159	0.820590801186944	0.0854
hsa-miR-4748	-0.0371	0.4982	0.754259731543624	-0.011	0.8414	0.923798288508557	0.0919
hsa-miR-4754-3p:Novel	0.0813	0.1373	0.454282352941176	-0.0154	0.7788	0.89204387755102	0.0875
hsa-miR-4758-5p	-0.0453	0.4089	0.690210902255639	-0.0548	0.3175	0.640680717488789	0.0963
hsa-miR-4767	-0.0905	0.0984	0.409088888888889	-0.1196	0.0286	0.493151666666667	0.1416
hsa-miR-4771-5p:Novel	-0.078	0.1541	0.473910273972603	-0.074	0.1768	0.591508695652174	0.1138
hsa-miR-4784-3p:Novel	-0.0056	0.9189	0.963986214953271	-0.0793	0.1475	0.584786290322581	0.0973
hsa-miR-4785	-0.0489	0.3718	0.657237007874016	-0.0602	0.2719	0.638718309859155	0.0917
hsa-miR-4787-5p	-0.0113	0.8361	0.92602113022113	-0.0205	0.7085	0.857181818181818	0.0776
hsa-miR-4800-3p	0.0586	0.285	0.573170353982301	0.0406	0.4585	0.728871378091873	0.1085
hsa-miR-483-5p	-0.0298	0.5865	0.808888650306749	0.0147	0.7887	0.899367512690355	0.0704
hsa-miR-484-3p:Novel	-0.0384	0.4832	0.750715570934256	-5e-04	0.992	0.9943	0.0837
hsa-miR-5001-5p	0.0522	0.3412	0.62786393442623	0.0218	0.6906	0.849532602739726	0.0846
hsa-miR-5006-5p	-0.1354	0.0131	0.210067857142857	-0.1575	0.0038	0.34124	0.1838
hsa-miR-501-3p	-0.0766	0.1616	0.486219736842105	-0.0466	0.3957	0.704675849056604	0.0993
hsa-miR-504-5p	-0.0724	0.1862	0.508011428571429	-0.0553	0.3132	0.640680717488789	0.1224
hsa-miR-5090-3p:Novel	0.0877	0.109	0.41956974789916	0.0302	0.5812	0.818052664576802	0.0973
hsa-miR-5091	-0.0141	0.7977	0.918216169154229	-0.0802	0.143	0.584786290322581	0.0843
hsa-miR-5091-3p:Novel	-0.0643	0.2408	0.56020310880829	-0.0168	0.7591	0.885288051948052	0.1025
hsa-miR-5092	-0.0458	0.4032	0.687276136363636	-0.0626	0.253	0.606743915343915	0.0951
hsa-miR-5093	-0.0537	0.3268	0.615449372384937	-0.0762	0.1638	0.585125396825397	0.0942
hsa-miR-5100	-0.068	0.2143	0.525796174863388	-0.0779	0.1547	0.584786290322581	0.0923
hsa-miR-5187-5p	-0.0966	0.0774	0.373378947368421	-0.0728	0.1835	0.591508695652174	0.1323
hsa-miR-5189-3p	0.0857	0.1176	0.4224192	0.0889	0.1044	0.545632608695652	0.1263
hsa-miR-5191	0.0413	0.4509	0.725802867383513	0.0636	0.2459	0.600931891891892	0.1031
hsa-miR-5193	0.0256	0.6403	0.845572647058824	0.0453	0.4085	0.704675849056604	0.0804
hsa-miR-5193-5p:Novel	0.1306	0.0168	0.227065714285714	0.1449	0.0079	0.394122222222222	0.162
hsa-miR-5196-5p	-0.015	0.7841	0.918216169154229	-0.0635	0.2465	0.600931891891892	0.0847
hsa-miR-519a-5p, hsa-miR-519c-5p, hsa-miR-519b-5p, hsa-miR-523-5p, hsa-miR-518e-5p, hsa-miR-522-5p	-0.1094	0.0453	0.308177272727273	-0.0255	0.6416	0.83019711815562	0.1218
hsa-miR-548aa, hsa-miR-548t-3p	0.0162	0.768	0.918216169154229	0.0044	0.9363	0.964423165137615	0.0592
hsa-miR-548d-5p	0.0289	0.5983	0.816524924012158	0.0189	0.7301	0.868304232804233	0.066
hsa-miR-548i	-0.0465	0.3965	0.68210153256705	-0.0547	0.3182	0.640680717488789	0.116
hsa-miR-550a-3-5p	-0.0629	0.2506	0.565615277777778	-0.0702	0.2002	0.591508695652174	0.1085
hsa-miR-550a-3p	-0.0706	0.1973	0.508011428571429	-0.0865	0.1139	0.547397872340425	0.1257
hsa-miR-550b-3p	-0.0788	0.1499	0.464173103448276	-0.0992	0.0697	0.505487096774194	0.118
hsa-miR-551a	-0.0444	0.4181	0.692719188191882	-0.0343	0.532	0.783173770491803	0.077
hsa-miR-5572	0.0503	0.3585	0.648555555555556	-0.0418	0.4457	0.723262815884476	0.0678
hsa-miR-5572-5p:Novel	-0.0331	0.5456	0.775235443037975	-0.0064	0.907	0.960478773584906	0.0797
hsa-miR-5691-3p:Novel	0.0794	0.1468	0.464173103448276	0.0053	0.9232	0.96233587962963	0.1061
hsa-miR-5694-3p:Novel	-0.1212	0.0266	0.267404444444444	-0.067	0.2216	0.600931891891892	0.1531
hsa-miR-5698	0.0627	0.2522	0.565615277777778	0.059	0.2818	0.638718309859155	0.0864
hsa-miR-5706-3p:Novel	0.1102	0.0439	0.3079859375	0.1059	0.0528	0.493151666666667	0.1307
hsa-miR-572	-0.049	0.3716	0.657237007874016	-0.0418	0.4462	0.723262815884476	0.0874
hsa-miR-584-5p	0.0707	0.197	0.508011428571429	0.0202	0.7132	0.857181818181818	0.0856
hsa-miR-595-5p:Novel	-0.0675	0.2177	0.528363783783784	-0.0319	0.5607	0.804326837060703	0.1047
hsa-miR-598-5p	0.0278	0.6122	0.830446525679758	0.1054	0.054	0.493151666666667	0.0985
hsa-miR-599	0.0696	0.2036	0.513575280898876	0.0276	0.6153	0.820590801186944	0.0889
hsa-miR-6068-3p:Novel	-0.0181	0.7412	0.906808719346049	0.058	0.2897	0.638718309859155	0.087
hsa-miR-6069-3p:Novel	0.1469	0.0071	0.177105555555556	0.1101	0.044	0.493151666666667	0.1406
hsa-miR-607	-0.0032	0.9528	0.983464827586207	0.0845	0.1225	0.555580808080808	0.0916
hsa-miR-607-5p:Novel	0.0276	0.6152	0.832002409638554	-0.0654	0.2326	0.600931891891892	0.0951
hsa-miR-6070-3p:Novel	-0.0445	0.4167	0.692719188191882	-0.0493	0.368	0.685609958506224	0.0716
hsa-miR-6071	-0.0167	0.7614	0.917688770053476	0.0889	0.1043	0.545632608695652	0.1108
hsa-miR-6075	0.0664	0.2255	0.541441176470588	0.026	0.636	0.827721739130435	0.0869
hsa-miR-6076-3p:Novel	-0.091	0.0963	0.4041	-0.1014	0.0639	0.493151666666667	0.1329
hsa-miR-6077	0.021	0.7023	0.890054213483146	-0.0894	0.1024	0.545632608695652	0.1166
hsa-miR-608-3p:Novel	0.0705	0.198	0.508011428571429	0.0659	0.229	0.600931891891892	0.0995
hsa-miR-6081	-0.1737	0.0014	0.0898	-0.0288	0.5994	0.820590801186944	0.1382
hsa-miR-6083	-0.1043	0.0565	0.34250641025641	-0.0697	0.2031	0.591508695652174	0.1105
hsa-miR-6084-5p:Novel	0.0994	0.0691	0.365010588235294	0.0792	0.1483	0.584786290322581	0.1202
hsa-miR-6085	0.0862	0.1154	0.4224192	0.0452	0.4093	0.704675849056604	0.0886
hsa-miR-6085-5p:Novel	0.1045	0.056	0.34250641025641	-0.0344	0.5302	0.783091447368421	0.0919
hsa-miR-6089	-0.1368	0.0122	0.210067857142857	0.029	0.5966	0.820590801186944	0.1498
hsa-miR-611	-0.0886	0.1056	0.41956974789916	-0.024	0.6617	0.836910704225352	0.1227
hsa-miR-6124-3p:Novel	-0.034	0.5346	0.769344230769231	0.014	0.7988	0.903881108312343	0.0856
hsa-miR-6125	-0.0602	0.2716	0.565615277777778	0.05	0.3617	0.685245991561181	0.0982
hsa-miR-6125-5p:Novel	0.0026	0.9627	0.989135697940503	0.055	0.3155	0.640680717488789	0.1099
hsa-miR-6126-3p:Novel	0.0711	0.1945	0.508011428571429	-0.0283	0.6055	0.820590801186944	0.0995
hsa-miR-6127	-0.0069	0.8999	0.95747654028436	0.1145	0.0362	0.493151666666667	0.1322
hsa-miR-6127-3p:Novel	-0.0789	0.1498	0.464173103448276	0.0745	0.174	0.591508695652174	0.1147
hsa-miR-6130	-0.164	0.0026	0.114290909090909	-0.0885	0.1061	0.545632608695652	0.158
hsa-miR-6131	-0.0221	0.6866	0.883928774928775	-0.0193	0.7242	0.864802659574468	0.0823
hsa-miR-6131-5p:Novel	0.0415	0.4487	0.725802867383513	-0.06	0.2734	0.638718309859155	0.0928
hsa-miR-6132	-0.0963	0.0785	0.373378947368421	-0.0324	0.5545	0.802569453376206	0.1086
hsa-miR-6165-3p:Novel	-0.1511	0.0056	0.147905882352941	-0.0882	0.1071	0.545632608695652	0.1529
hsa-miR-617-3p:Novel	-0.0352	0.5207	0.765932573289902	-0.0143	0.7941	0.902660506329114	0.0677
hsa-miR-622	-0.1585	0.0036	0.124338461538462	-0.0782	0.1531	0.584786290322581	0.1024
hsa-miR-631-3p:Novel	-0.001	0.9849	0.995991216216216	0.0216	0.6934	0.850286103542234	0.0751
hsa-miR-632	-0.0963	0.0782	0.373378947368421	0.0232	0.6728	0.843818994413408	0.0788
hsa-miR-636	0.05	0.3611	0.648555555555556	0.0636	0.2459	0.600931891891892	0.1232
hsa-miR-637	0.0607	0.2677	0.565615277777778	0.0113	0.8372	0.923798288508557	0.1002
hsa-miR-638	-0.0324	0.554	0.782220125786164	-0.0155	0.7777	0.89204387755102	0.0749
hsa-miR-638-3p:Novel	-0.037	0.4992	0.754259731543624	0.0215	0.695	0.850286103542234	0.0659
hsa-miR-639	0.0636	0.2458	0.565615277777778	0.0772	0.1584	0.584786290322581	0.1405
hsa-miR-641-3p:Novel	7e-04	0.9905	0.9962	-0.0058	0.916	0.96233587962963	0.075
hsa-miR-645	-0.1234	0.0239	0.267404444444444	-0.1015	0.0635	0.493151666666667	0.1467
hsa-miR-646	0.0548	0.3173	0.609987606837607	0.047	0.391	0.704675849056604	0.093
hsa-miR-646-5p:Novel	-0.0307	0.5749	0.801646273291925	-0.0313	0.5682	0.812048571428571	0.1
hsa-miR-647-3p:Novel	0.1715	0.0016	0.0898	0.0432	0.4304	0.721080597014925	0.1778
hsa-miR-650	3e-04	0.9957	0.9962	0.0775	0.1572	0.584786290322581	0.1
hsa-miR-6509-5p	-0.0678	0.2157	0.526354891304348	-0.0308	0.5744	0.816156962025317	0.0842
hsa-miR-6511a-3p	0.0175	0.7498	0.907439892183288	0.0361	0.5104	0.774221621621622	0.0914
hsa-miR-6511b-5p	-0.055	0.3154	0.609987606837607	0.0346	0.5285	0.783091447368421	0.116
hsa-miR-654-5p	-0.0819	0.1347	0.45134552238806	-0.0398	0.4675	0.731385017421603	0.1154
hsa-miR-655-5p	-0.0063	0.9091	0.960965647058823	0.0652	0.2337	0.600931891891892	0.0908
hsa-miR-657	0.0603	0.271	0.565615277777778	0.0683	0.2121	0.591508695652174	0.0982
hsa-miR-657-5p:Novel	0.0203	0.7119	0.893610335195531	0.0278	0.6115	0.820590801186944	0.086
hsa-miR-663a-3p:Novel	-0.0259	0.6367	0.845572647058824	-0.0369	0.5012	0.765438095238095	0.0855
hsa-miR-6717-3p:Novel	-0.0686	0.2104	0.524831111111111	-0.0811	0.1385	0.584786290322581	0.1072
hsa-miR-6717-5p	-0.0892	0.1032	0.417448648648649	-0.0864	0.1146	0.547397872340425	0.1133
hsa-miR-6720-3p	-0.0018	0.9737	0.993196145124717	-0.0057	0.9168	0.96233587962963	0.0615
hsa-miR-6721-3p:Novel	-0.1115	0.0413	0.300046031746032	-0.0406	0.4594	0.728871378091873	0.137
hsa-miR-6724-3p:Novel	0.0062	0.9096	0.960965647058823	0.0662	0.2266	0.600931891891892	0.108
hsa-miR-6724-5p	-0.1098	0.0446	0.308083076923077	-0.0712	0.1937	0.591508695652174	0.1161
hsa-miR-6728-5p	-0.0805	0.1415	0.46038768115942	-0.0564	0.303	0.638718309859155	0.0894
hsa-miR-6731-5p	-0.0943	0.0849	0.388834	-0.0457	0.4048	0.704675849056604	0.1045
hsa-miR-6738-5p	-0.121	0.0268	0.267404444444444	-0.087	0.1118	0.545632608695652	0.1264
hsa-miR-6745-5p:Novel	-0.0373	0.4964	0.754259731543624	-0.0743	0.175	0.591508695652174	0.0996
hsa-miR-6746-5p	-0.0976	0.0745	0.373378947368421	-0.0571	0.2971	0.638718309859155	0.1595
hsa-miR-6756-5p	0.029	0.5974	0.816524924012158	-0.0705	0.198	0.591508695652174	0.11
hsa-miR-6757-5p	-0.0358	0.5133	0.760632673267327	0.0174	0.7513	0.878473177083333	0.0989
hsa-miR-6760-5p	-0.0502	0.3598	0.648555555555556	-0.0528	0.3357	0.658206550218341	0.0854
hsa-miR-6768-5p	0.0426	0.4371	0.716269708029197	0.0971	0.076	0.532583076923077	0.0941
hsa-miR-6772-5p	0.0472	0.3894	0.67540694980695	0.1062	0.0522	0.493151666666667	0.1113
hsa-miR-6773-5p	-0.1031	0.0595	0.34250641025641	-0.1243	0.0229	0.493151666666667	0.124
hsa-miR-6777-5p	-0.0921	0.0924	0.402792233009709	-0.0131	0.8108	0.912404010025063	0.0975
hsa-miR-6778-5p	0.0457	0.404	0.687276136363636	0.0574	0.2945	0.638718309859155	0.1009
hsa-miR-6787-5p	0.0238	0.6639	0.869070262390671	0.0076	0.8897	0.951816312056738	0.0718
hsa-miR-6788-3p	0.0963	0.0783	0.373378947368421	0.1102	0.0438	0.493151666666667	0.1274
hsa-miR-6790-5p	-0.007	0.8983	0.95747654028436	-0.0477	0.384	0.704675849056604	0.092
hsa-miR-6793-5p	0.0498	0.364	0.648555555555556	-0.0375	0.4936	0.75640409556314	0.083
hsa-miR-6794-5p	-0.0453	0.4087	0.690210902255639	-0.0579	0.2911	0.638718309859155	0.0914
hsa-miR-6802-5p	-0.1021	0.062	0.347975	-0.0344	0.5301	0.783091447368421	0.124
hsa-miR-6805-5p	-0.0764	0.1632	0.486219736842105	-0.008	0.884	0.94955980861244	0.0962
hsa-miR-6826-5p	-0.1341	0.014	0.216758620689655	-0.1314	0.0161	0.493151666666667	0.1534
hsa-miR-6829-5p	0.1268	0.0203	0.245768421052632	0.0874	0.1103	0.545632608695652	0.1656
hsa-miR-6832-5p	0.0913	0.0951	0.4041	0.0355	0.5175	0.782348484848485	0.1135
hsa-miR-6838-5p	-0.098	0.0733	0.373378947368421	-0.0463	0.398	0.704675849056604	0.1161
hsa-miR-6849-5p	-0.1224	0.0251	0.267404444444444	-0.0742	0.1757	0.591508695652174	0.1296
hsa-miR-6861-5p	-0.1031	0.0595	0.34250641025641	-0.1407	0.0099	0.44451	0.1567
hsa-miR-6867-5p	-0.0218	0.6908	0.883928774928775	-0.0047	0.9322	0.964423165137615	0.0893
hsa-miR-6869-5p	-0.0138	0.8011	0.918216169154229	0.0051	0.9259	0.96233587962963	0.0656
hsa-miR-6871-5p	0.0306	0.5772	0.802361609907121	0.0872	0.111	0.545632608695652	0.1198
hsa-miR-6874-5p	0.0091	0.8686	0.946161501210654	-0.0223	0.6845	0.846668044077135	0.0894
hsa-miR-6879-5p	-0.0895	0.102	0.417161818181818	-0.0028	0.9598	0.975000452488688	0.1198
hsa-miR-6880-5p	0.0017	0.9755	0.993196145124717	0.0646	0.2381	0.600931891891892	0.0854
hsa-miR-6895-3p	0.0591	0.2805	0.572322624434389	0.0785	0.1519	0.584786290322581	0.0979
hsa-miR-7108-5p	0.0503	0.3591	0.648555555555556	0.1182	0.0305	0.493151666666667	0.121
hsa-miR-711	0.0215	0.6952	0.884262889518414	-0.0053	0.9234	0.96233587962963	0.0733
hsa-miR-7113-5p	-0.1194	0.0289	0.276087234042553	-0.0799	0.1444	0.584786290322581	0.0969
hsa-miR-7161-3p	-0.1197	0.0284	0.276087234042553	-0.0654	0.2323	0.600931891891892	0.1228
hsa-miR-718	0.1263	0.0208	0.245768421052632	0.1065	0.0515	0.493151666666667	0.146
hsa-miR-7515-5p:Novel	0.0187	0.7337	0.903643169398907	0.0468	0.3933	0.704675849056604	0.0871
hsa-miR-760	-0.067	0.2213	0.534213440860215	0.0423	0.4408	0.723262815884476	0.1136
hsa-miR-765-5p:Novel	0.0445	0.4166	0.692719188191882	0.0305	0.5781	0.816954088050314	0.0817
hsa-miR-770-3p:Novel	0.0373	0.4958	0.754259731543624	0.071	0.1949	0.591508695652174	0.1009
hsa-miR-7704-3p:Novel	0.0761	0.1646	0.486219736842105	-0.0229	0.6761	0.84559582172702	0.1141
hsa-miR-7706	-0.0962	0.0787	0.373378947368421	-0.0712	0.1935	0.591508695652174	0.1218
hsa-miR-7844-3p:Novel	-0.1324	0.0153	0.227065714285714	-0.0111	0.8395	0.923798288508557	0.1653
hsa-miR-7845-3p:Novel	-0.0602	0.2718	0.565615277777778	-0.0946	0.0839	0.541918055555556	0.1228
hsa-miR-7847-5p:Novel	-0.0579	0.2903	0.574205726872247	-0.0268	0.6248	0.821985087719298	0.0877
hsa-miR-7851-3p	0.1138	0.0374	0.300046031746032	0.097	0.0763	0.532583076923077	0.138
hsa-miR-7851-5p:Novel	0.0743	0.1751	0.498670625	0.0636	0.2455	0.600931891891892	0.1034
hsa-miR-8053	-0.1179	0.0309	0.281972	-0.1043	0.0566	0.493151666666667	0.1468
hsa-miR-8057-3p:Novel	0.0915	0.0947	0.4041	-0.0556	0.3105	0.640680717488789	0.1218
hsa-miR-8072	0.068	0.2142	0.525796174863388	0.1183	0.0304	0.493151666666667	0.1329
hsa-miR-8072-3p:Novel	-0.0363	0.5074	0.756885714285714	-0.0204	0.7103	0.857181818181818	0.0756
hsa-miR-8074	-0.2549	0	0	-0.1484	0.0065	0.394122222222222	0.2063
hsa-miR-8075-5p:Novel	-0.0257	0.6387	0.845572647058824	0.0583	0.2876	0.638718309859155	0.1034
hsa-miR-8077	0.0648	0.2371	0.557371204188482	0.0539	0.3257	0.649952444444444	0.0883
hsa-miR-8079-3p:Novel	-0.0246	0.6536	0.858088888888889	-0.011	0.8415	0.923798288508557	0.0725
hsa-miR-8080	0.0404	0.4609	0.728676408450704	-0.0576	0.293	0.638718309859155	0.1078
hsa-miR-8082-3p:Novel	0.0717	0.1903	0.508011428571429	0.0877	0.1091	0.545632608695652	0.0911
hsa-miR-8083-3p:Novel	-0.0872	0.1112	0.41956974789916	-0.0594	0.2782	0.638718309859155	0.0959
hsa-miR-8085	-0.0189	0.7305	0.903643169398907	0.0333	0.5437	0.79518338762215	0.0838
hsa-miR-8085-3p:Novel	-0.0585	0.2861	0.573170353982301	-0.0156	0.776	0.89204387755102	0.0821
hsa-miR-8089	-0.0289	0.5981	0.816524924012158	-5e-04	0.9927	0.9943	0.0862
hsa-miR-874-3p	-0.1112	0.042	0.300046031746032	-0.0563	0.3046	0.639090654205608	0.1278
hsa-miR-885-3p	0.0537	0.3276	0.615449372384937	-0.0264	0.6308	0.82574110787172	0.0733
hsa-miR-922	-0.2172	1e-04	0.0149666666666667	-0.1735	0.0014	0.24695	0.2217
hsa-miR-922-5p:Novel	-0.0401	0.4644	0.731633684210526	-0.0523	0.3395	0.662763043478261	0.0915
hsa-miR-92a-3p	-0.0336	0.5406	0.771567301587302	0.0426	0.4368	0.723262815884476	0.0849
hsa-miR-92b-5p	0.0709	0.1956	0.508011428571429	0.0893	0.1029	0.545632608695652	0.1107
hsa-miR-935	0.1122	0.0401	0.300046031746032	0.1274	0.0197	0.493151666666667	0.1394
hsa-miR-935-5p:Novel	0.0124	0.8209	0.918216169154229	0.0288	0.5994	0.820590801186944	0.0864
hsa-miR-940	0.1086	0.0471	0.315640298507463	0.0633	0.2476	0.600931891891892	0.1062
hsa-miR-943-5p:Novel	0.0791	0.1484	0.464173103448276	0.0851	0.1198	0.548879591836735	0.0983
hsa-miR-944-5p:Novel	0.0364	0.5065	0.756885714285714	0.1009	0.0652	0.493151666666667	0.1489
hsa-miR-9898	-0.0692	0.2064	0.517729608938547	-0.0348	0.5259	0.783091447368421	0.0807
hsa-miR-9898-5p:Novel	-0.009	0.8703	0.946161501210654	0.0488	0.3732	0.69242479338843	0.0795
hsa-miR-9899-5p:Novel	-0.0932	0.0885	0.393430693069307	-0.0386	0.4809	0.742778694158076	0.1245
hsa-miR-9901	0.073	0.1826	0.507758024691358	-0.0792	0.1481	0.584786290322581	0.1262
hsa-miR-9901-3p:Novel	-0.0876	0.1096	0.41956974789916	-0.0409	0.4561	0.728786120996441	0.0955
hsa-miR-9903	-0.1395	0.0106	0.210067857142857	-0.118	0.0308	0.493151666666667	0.1595
hsa-miR-99b-3p	0.0706	0.1975	0.508011428571429	-0.0074	0.8924	0.951816312056738	0.0819
