miRNA	SC	SC.p	SC.fdr	PC	PC.p	PC.fdr	DC
hsa-let-7a-3p	-0.0223	0.8075	0.980268934911243	0.0727	0.4259	0.799050917431193	0.1211
hsa-let-7b-5p	0.0194	0.8324	0.986683615819209	0.0832	0.362	0.764788265306122	0.1438
hsa-miR-10392-5p	0.1025	0.261	0.849161904761905	0.1519	0.0949	0.441069318181818	0.1914
hsa-miR-10397-3p	-0.0478	0.6008	0.923607462686567	0.0151	0.8692	0.97652884097035	0.1268
hsa-miR-10400-5p	0.1096	0.2296	0.849161904761905	0.2098	0.0204	0.29758275862069	0.2243
hsa-miR-10401-5p	-0.0077	0.9328	0.993529166666667	0.0116	0.899	0.977368965517241	0.1751
hsa-miR-10523-3p:Novel	0.0798	0.3824	0.877429281767956	-0.0139	0.8792	0.97652884097035	0.1577
hsa-miR-11399-3p:Novel	-0.0175	0.8479	0.986683615819209	0.0345	0.7063	0.925672843450479	0.1314
hsa-miR-1181-3p:Novel	0.0138	0.88	0.98776301369863	0.0689	0.4507	0.811758232931727	0.1573
hsa-miR-1184	0.1197	0.1891	0.849161904761905	0.0324	0.723	0.93578164556962	0.1678
hsa-miR-1202	0.0282	0.7575	0.966168404907976	0.0079	0.9315	0.986109487179487	0.1166
hsa-miR-1202-3p:Novel	0.0609	0.5053	0.913433333333333	-0.0649	0.4777	0.811758232931727	0.1421
hsa-miR-1203	-0.0592	0.5171	0.913433333333333	-0.0935	0.3057	0.739830177514793	0.1587
hsa-miR-12117-3p:Novel	0.0473	0.6052	0.923607462686567	-0.02	0.8273	0.969529226361032	0.1255
hsa-miR-12118-3p:Novel	0.0416	0.649	0.946625441696113	0.052	0.5693	0.860697802197802	0.1811
hsa-miR-12120-3p:Novel	-0.028	0.7593	0.966168404907976	0.0019	0.9837	0.996372235872236	0.1425
hsa-miR-12121	0.0829	0.3639	0.870380701754386	0.1077	0.2375	0.69243986013986	0.1716
hsa-miR-12123	0.0608	0.5062	0.913433333333333	0.1214	0.1829	0.603275	0.1611
hsa-miR-12126-5p:Novel	-0.0368	0.6871	0.947783986928105	-0.1277	0.161	0.564909401709402	0.1646
hsa-miR-12127	-0.1643	0.0706	0.750742222222222	0.0071	0.9386	0.986109487179487	0.1202
hsa-miR-12128	-0.0987	0.2796	0.849175524475524	-0.0847	0.3534	0.763753684210526	0.1557
hsa-miR-12136	0.0979	0.2832	0.849175524475524	0.1599	0.0785	0.389289156626506	0.1949
hsa-miR-12136-3p:Novel	0.0632	0.489	0.913433333333333	0.157	0.0842	0.405150588235294	0.1909
hsa-miR-1229-5p	-0.1135	0.2134	0.849161904761905	0.0519	0.5703	0.860697802197802	0.1926
hsa-miR-1231	-0.0288	0.7529	0.966168404907976	0.0076	0.9335	0.986109487179487	0.1725
hsa-miR-1231-3p:Novel	-0.0397	0.6638	0.947783986928105	-0.0296	0.7464	0.950925	0.1344
hsa-miR-124-5p	0.0563	0.538	0.913433333333333	0.0632	0.4894	0.811758232931727	0.1518
hsa-miR-1246-3p:Novel	0.0651	0.476	0.913433333333333	0.1153	0.2062	0.653765891472868	0.1474
hsa-miR-1250-5p	0.1978	0.029	0.5726	0.0977	0.2845	0.739830177514793	0.1897
hsa-miR-1255b-5p	0.122	0.1806	0.849161904761905	0.0409	0.655	0.908118644067797	0.1369
hsa-miR-1257	0.0267	0.77	0.966168404907976	-0.0802	0.38	0.775472139303483	0.1649
hsa-miR-1257-3p:Novel	-0.0486	0.5953	0.923607462686567	0.0204	0.8232	0.969529226361032	0.1236
hsa-miR-125b-5p	-0.0527	0.5641	0.923607462686567	-0.0907	0.3207	0.745655376344086	0.1259
hsa-miR-1260a-3p:Novel	0.0372	0.6838	0.947783986928105	-0.0651	0.4761	0.811758232931727	0.1374
hsa-miR-1260b	-0.166	0.0676	0.750742222222222	-0.1101	0.2275	0.679178832116788	0.1842
hsa-miR-1267-3p:Novel	0.0047	0.9593	0.995032843137255	0.0897	0.3258	0.745655376344086	0.1526
hsa-miR-1272	-0.0639	0.4843	0.913433333333333	-0.0064	0.9445	0.987980818414322	0.1508
hsa-miR-1272-3p:Novel	0.0343	0.7074	0.947783986928105	0.0409	0.6545	0.908118644067797	0.1295
hsa-miR-1275-3p:Novel	0.0997	0.2744	0.849175524475524	0.1776	0.0504	0.389289156626506	0.2238
hsa-miR-128-3p	-0.0203	0.824	0.982551162790698	0.176	0.0525	0.389289156626506	0.1951
hsa-miR-1284	-0.0918	0.3144	0.850558552631579	0.0532	0.5603	0.860697802197802	0.1741
hsa-miR-1285-3p	0.0915	0.3161	0.850558552631579	0.0431	0.6378	0.90078724137931	0.1659
hsa-miR-1287-5p	0.0784	0.3905	0.877552197802198	0.0969	0.2882	0.739830177514793	0.1425
hsa-miR-1288-5p	-0.0084	0.927	0.993529166666667	0.0022	0.981	0.996372235872236	0.1675
hsa-miR-1290-5p:Novel	0.0836	0.3598	0.86708	0.2003	0.027	0.30675	0.2286
hsa-miR-1291-3p:Novel	0.0341	0.7091	0.947783986928105	-0.0347	0.7047	0.925672843450479	0.1094
hsa-miR-1293	-0.0409	0.6545	0.946625441696113	0.0636	0.4862	0.811758232931727	0.1608
hsa-miR-1294	0.0976	0.2849	0.849175524475524	-0.0056	0.9512	0.990133842239186	0.1506
hsa-miR-1302	-0.0355	0.6976	0.947783986928105	-0.0449	0.6234	0.897783802816901	0.1205
hsa-miR-1306-3p	-0.0234	0.798	0.974274626865672	0.0268	0.7699	0.955324848484849	0.1125
hsa-miR-1307-3p	-0.0512	0.5751	0.923607462686567	-0.1052	0.249	0.707229166666667	0.1438
hsa-miR-1324	0.0473	0.605	0.923607462686567	0.0122	0.8936	0.977368965517241	0.1144
hsa-miR-137-3p	-0.0473	0.6049	0.923607462686567	0.0133	0.8842	0.97652884097035	0.1417
hsa-miR-143-3p	0.0032	0.9723	0.995032843137255	0.103	0.2588	0.720062585034014	0.1908
hsa-miR-1469-3p:Novel	0.1424	0.1176	0.826404109589041	0.0526	0.5648	0.860697802197802	0.1597
hsa-miR-148a-3p	-0.0714	0.4348	0.909207	0.0963	0.2916	0.739830177514793	0.1676
hsa-miR-149-3p	0.12	0.1881	0.849161904761905	0.1482	0.1033	0.454297849462366	0.1911
hsa-miR-151a-3p	0.1247	0.1711	0.84411686746988	0.1596	0.079	0.389289156626506	0.1818
hsa-miR-1587-3p:Novel	0.1625	0.0737	0.750742222222222	0.1766	0.0517	0.389289156626506	0.1918
hsa-miR-181b-5p	0.1247	0.1713	0.84411686746988	0.2043	0.024	0.301172727272727	0.2183
hsa-miR-181c-3p	0.1033	0.2574	0.849161904761905	0.0366	0.6888	0.922036893203883	0.1629
hsa-miR-182-3p	-0.1101	0.2275	0.849161904761905	-0.0415	0.6503	0.908118644067797	0.1702
hsa-miR-182-5p	-0.0492	0.5908	0.923607462686567	-0.0071	0.9386	0.986109487179487	0.133
hsa-miR-192-5p	-0.1433	0.1152	0.826404109589041	0.0651	0.4764	0.811758232931727	0.1268
hsa-miR-194-1-3p:Novel	-0.1026	0.2608	0.849161904761905	0.0343	0.7074	0.925672843450479	0.1427
hsa-miR-194-3p	-0.0545	0.5513	0.916592276422764	0.0551	0.5465	0.849880228136882	0.1412
hsa-miR-194-5p	-0.0721	0.4298	0.909207	-0.0013	0.9888	0.996372235872236	0.1708
hsa-miR-197-5p	0.0963	0.2912	0.849175524475524	0.0805	0.3782	0.775472139303483	0.154
hsa-miR-199a-3p, hsa-miR-199b-3p	0.1045	0.2522	0.849161904761905	-0.0277	0.7624	0.950925	0.154
hsa-miR-200a-3p	-0.0509	0.5779	0.923607462686567	0.0927	0.31	0.741461988304094	0.1582
hsa-miR-200b-3p	-0.1028	0.2598	0.849161904761905	0.0728	0.4255	0.799050917431193	0.1351
hsa-miR-200c-3p	-0.0845	0.3547	0.863525595238095	0.0734	0.4216	0.799050917431193	0.1365
hsa-miR-21-5p	-0.1319	0.1475	0.826404109589041	0.0764	0.403	0.799050917431193	0.14
hsa-miR-2110	0.0559	0.5408	0.913433333333333	0.0694	0.4477	0.811758232931727	0.1162
hsa-miR-2110-3p:Novel	0.1325	0.1457	0.826404109589041	0.2153	0.0172	0.29758275862069	0.225
hsa-miR-2114-5p	0.0624	0.4949	0.913433333333333	0.0276	0.7626	0.950925	0.1144
hsa-miR-215-5p	-0.1625	0.0736	0.750742222222222	0.0641	0.4833	0.811758232931727	0.1202
hsa-miR-219a-5p	0.0937	0.3045	0.85055306122449	0.218	0.0158	0.29758275862069	0.2421
hsa-miR-2278-3p:Novel	0.0156	0.8642	0.98776301369863	0.011	0.9042	0.978353968253968	0.1262
hsa-miR-23c	-0.0669	0.464	0.91252009569378	0.0327	0.7207	0.935766031746032	0.1272
hsa-miR-2681-3p	-0.1167	0.2004	0.849161904761905	-0.0015	0.9873	0.996372235872236	0.1402
hsa-miR-2861	-0.0222	0.8078	0.980268934911243	-0.0308	0.7365	0.947259433962264	0.1149
hsa-miR-2861-5p:Novel	0.1656	0.0684	0.750742222222222	0.2102	0.0202	0.29758275862069	0.2584
hsa-miR-300	-0.0247	0.7872	0.974274626865672	-0.0488	0.5935	0.866933928571429	0.119
hsa-miR-3064-5p	-0.0889	0.3304	0.857613836477987	-0.0237	0.7958	0.964417159763314	0.1407
hsa-miR-3085-5p	0.0674	0.4605	0.91252009569378	0.0046	0.9603	0.994335949367089	0.1179
hsa-miR-3125	0.0861	0.3457	0.863525595238095	0.1688	0.0631	0.389289156626506	0.17
hsa-miR-3127-5p	0.0863	0.3447	0.863525595238095	0.1715	0.0589	0.389289156626506	0.1833
hsa-miR-3136-5p	-0.1164	0.2017	0.849161904761905	-0.0365	0.6897	0.922036893203883	0.1857
hsa-miR-3137	-0.0357	0.6966	0.947783986928105	-0.0041	0.9646	0.996266161616162	0.1427
hsa-miR-3137-3p:Novel	-0.1047	0.2511	0.849161904761905	-0.0513	0.5745	0.860697802197802	0.1576
hsa-miR-3138-5p:Novel	0.0023	0.9796	0.995032843137255	-0.0195	0.8316	0.971784	0.1177
hsa-miR-3141-3p:Novel	0.022	0.8101	0.980268934911243	-0.0394	0.6668	0.918253198653199	0.1412
hsa-miR-3154	-0.0845	0.3546	0.863525595238095	-0.0432	0.6366	0.90078724137931	0.1436
hsa-miR-3154-5p:Novel	-0.0168	0.854	0.986683615819209	-0.0251	0.7841	0.957304179104478	0.1396
hsa-miR-3155a	0.0104	0.9093	0.991420316622691	0.0114	0.9009	0.977368965517241	0.1267
hsa-miR-3155b	0.103	0.2591	0.849161904761905	0.0068	0.9403	0.986109487179487	0.1648
hsa-miR-3156-3p	0.0579	0.5262	0.913433333333333	0.0286	0.7549	0.950925	0.1273
hsa-miR-3160-3p	-0.0698	0.4446	0.909207	0.016	0.8611	0.97652884097035	0.1453
hsa-miR-3160-5p	-0.0107	0.9066	0.991420316622691	0.0139	0.8793	0.97652884097035	0.1651
hsa-miR-3168-3p:Novel	0.0984	0.2807	0.849175524475524	0.167	0.066	0.389289156626506	0.2056
hsa-miR-3169	0.1206	0.1859	0.849161904761905	0.1083	0.2352	0.692063309352518	0.1443
hsa-miR-3169-3p:Novel	0.1446	0.112	0.826404109589041	0.2294	0.011	0.276676470588235	0.2131
hsa-miR-3170	0.1013	0.2667	0.849175524475524	0.0358	0.6955	0.922036893203883	0.1396
hsa-miR-3170-3p:Novel	0.0236	0.7961	0.974274626865672	0.0922	0.3127	0.743571511627907	0.1634
hsa-miR-3174-3p:Novel	0.042	0.6463	0.946625441696113	-0.0425	0.6419	0.902189347079038	0.1587
hsa-miR-3176-5p:Novel	-0.0712	0.4359	0.909207	0.0235	0.797	0.964417159763314	0.1458
hsa-miR-3178-3p:Novel	0.0563	0.5377	0.913433333333333	0.018	0.8439	0.97652884097035	0.1289
hsa-miR-3180	0.0888	0.3305	0.857613836477987	0.0816	0.3718	0.771909644670051	0.1283
hsa-miR-3180-3p	-0.1095	0.23	0.849161904761905	-0.0363	0.6914	0.922036893203883	0.1826
hsa-miR-3180-4-3p:Novel, hsa-miR-3180-5-3p:Novel	-0.0262	0.7749	0.969217431192661	0.0103	0.9105	0.982571240105541	0.1533
hsa-miR-3180-5p	0.0185	0.8401	0.986683615819209	0.1033	0.2576	0.720062585034014	0.1394
hsa-miR-3185-3p:Novel	-0.207	0.0221	0.5726	-0.1605	0.0774	0.389289156626506	0.1918
hsa-miR-3190-3p	-0.0174	0.8493	0.986683615819209	-0.0012	0.9895	0.996372235872236	0.1248
hsa-miR-3195	0.1589	0.0804	0.750742222222222	0.2048	0.0237	0.301172727272727	0.1998
hsa-miR-3195-3p:Novel	0.1581	0.082	0.750742222222222	0.1731	0.0565	0.389289156626506	0.2051
hsa-miR-3196-3p:Novel	0.1385	0.1281	0.826404109589041	0.1838	0.0427	0.369804166666667	0.1965
hsa-miR-320a-3p	-0.0458	0.6164	0.937202973977695	0.022	0.8101	0.968803801169591	0.1505
hsa-miR-320c	-0.0729	0.4251	0.909207	-0.0614	0.5014	0.811905098039216	0.1333
hsa-miR-320d	0.0126	0.8901	0.991420316622691	-0.0946	0.3002	0.739830177514793	0.154
hsa-miR-320d-1-5p:Novel	0.1712	0.0594	0.696468571428571	0.133	0.1442	0.536161818181818	0.1721
hsa-miR-320e-5p:Novel	0.0582	0.5246	0.913433333333333	0.0266	0.7708	0.955324848484849	0.1347
hsa-miR-323a-5p	5e-04	0.9957	0.9957	-0.0117	0.8984	0.977368965517241	0.1166
hsa-miR-324-3p	-0.002	0.9829	0.995032843137255	-0.0636	0.4864	0.811758232931727	0.1288
hsa-miR-324-5p	0.0047	0.9586	0.995032843137255	-0.0514	0.5742	0.860697802197802	0.1264
hsa-miR-3619-3p	-0.2443	0.0067	0.5726	-0.2086	0.0211	0.29758275862069	0.2321
hsa-miR-3621-3p:Novel	-0.054	0.5548	0.918676923076923	0.0617	0.4999	0.811905098039216	0.1372
hsa-miR-3622a-5p	0.0597	0.5133	0.913433333333333	0.099	0.2781	0.739830177514793	0.2006
hsa-miR-3648	0.1378	0.1301	0.826404109589041	0.209	0.0209	0.29758275862069	0.2095
hsa-miR-3648-3p:Novel	0.1234	0.1757	0.845427058823529	0.0256	0.7799	0.957304179104478	0.1425
hsa-miR-3652-3p:Novel	-0.0294	0.7475	0.966168404907976	0.028	0.7597	0.950925	0.1304
hsa-miR-3665-3p:Novel	0.0959	0.2931	0.849175524475524	0.1697	0.0617	0.389289156626506	0.2117
hsa-miR-3668-3p:Novel	-0.0348	0.7035	0.947783986928105	0.0682	0.4555	0.811758232931727	0.1366
hsa-miR-3689d-3p:Novel	-0.099	0.278	0.849175524475524	-0.0357	0.6966	0.922036893203883	0.2121
hsa-miR-3714-3p:Novel	-0.0156	0.8647	0.98776301369863	0.1381	0.1293	0.513433980582524	0.1532
hsa-miR-371a-3p	-0.0338	0.7115	0.947894136807818	0.0463	0.613	0.889067375886525	0.1247
hsa-miR-371a-5p	-0.0976	0.2851	0.849175524475524	-0.165	0.0693	0.389289156626506	0.2147
hsa-miR-378a-3p	-0.0388	0.6712	0.947783986928105	0.0826	0.3657	0.764788265306122	0.1411
hsa-miR-378h	-0.1711	0.0596	0.696468571428571	-0.2067	0.0224	0.301172727272727	0.197
hsa-miR-378h-3p:Novel	-0.0447	0.6249	0.942782181818182	0.0154	0.866	0.97652884097035	0.1411
hsa-miR-378i	-0.1158	0.2039	0.849161904761905	-0.046	0.6153	0.889249823321555	0.1555
hsa-miR-378i-3p:Novel	-0.0792	0.3861	0.877429281767956	-0.1177	0.1968	0.637653543307087	0.1538
hsa-miR-378j-3p:Novel	-0.0823	0.3677	0.871520571428571	0.0212	0.8166	0.969529226361032	0.1361
hsa-miR-3907	0.017	0.8525	0.986683615819209	0.0361	0.6931	0.922036893203883	0.1467
hsa-miR-3907-5p:Novel	0.0095	0.9177	0.991420316622691	0.0715	0.4336	0.806101818181818	0.1434
hsa-miR-3911-3p:Novel	0.0483	0.5975	0.923607462686567	0.0888	0.3306	0.745655376344086	0.1375
hsa-miR-3916-3p:Novel	-0.0093	0.9187	0.991420316622691	0.112	0.2196	0.679178832116788	0.1552
hsa-miR-3920	-0.0699	0.4442	0.909207	-0.0378	0.6796	0.922036893203883	0.1249
hsa-miR-3928-3p	-0.0552	0.5457	0.914718442622951	-0.066	0.47	0.811758232931727	0.1207
hsa-miR-3935	-0.1413	0.1206	0.826404109589041	-0.0845	0.3548	0.763753684210526	0.1397
hsa-miR-3960	0.0674	0.461	0.91252009569378	0.1743	0.0548	0.389289156626506	0.1755
hsa-miR-3960-5p:Novel	0.0721	0.4297	0.909207	0.163	0.0729	0.389289156626506	0.1837
hsa-miR-3972	0.1786	0.0491	0.63650625	-0.0659	0.4711	0.811758232931727	0.1909
hsa-miR-3976	0.044	0.6306	0.942782181818182	0.0255	0.7803	0.957304179104478	0.1041
hsa-miR-3976-3p:Novel	-0.09	0.3243	0.855997419354839	4e-04	0.9969	0.9969	0.1439
hsa-miR-411-5p	-0.0111	0.9031	0.991420316622691	0.0967	0.2895	0.739830177514793	0.1504
hsa-miR-422a	8e-04	0.9926	0.995032843137255	0.0628	0.492	0.811758232931727	0.1233
hsa-miR-423-5p	0.0411	0.6531	0.946625441696113	0.0873	0.3391	0.745655376344086	0.157
hsa-miR-425-3p	0.0331	0.7176	0.949833009708738	-0.0804	0.3787	0.775472139303483	0.1608
hsa-miR-4254	0.0439	0.6308	0.942782181818182	0.0873	0.339	0.745655376344086	0.1301
hsa-miR-4254-5p:Novel	-0.0023	0.9798	0.995032843137255	0.0875	0.3378	0.745655376344086	0.1589
hsa-miR-4258	0.0668	0.4647	0.91252009569378	-0.0336	0.713	0.928716560509554	0.1306
hsa-miR-4258-3p:Novel	0.1377	0.1305	0.826404109589041	0.1898	0.0363	0.369804166666667	0.1946
hsa-miR-4259	-0.0294	0.7476	0.966168404907976	-0.0959	0.2935	0.739830177514793	0.1491
hsa-miR-4259-5p:Novel	0.0136	0.8814	0.98776301369863	0.133	0.1441	0.536161818181818	0.1521
hsa-miR-4263	-0.0032	0.9724	0.995032843137255	0.0948	0.2988	0.739830177514793	0.1349
hsa-miR-4274	-0.0803	0.3791	0.877429281767956	-0.0568	0.534	0.833610687022901	0.1645
hsa-miR-4276-3p:Novel	-0.3339	2e-04	0.0818	-0.3097	5e-04	0.112475	0.3266
hsa-miR-4277	0.0078	0.9318	0.993529166666667	-0.0297	0.7451	0.950925	0.1157
hsa-miR-4281	-0.1298	0.154	0.84411686746988	-0.0499	0.5851	0.863920216606498	0.1553
hsa-miR-4283	0.0859	0.3471	0.863525595238095	0.0316	0.7294	0.941087066246057	0.1493
hsa-miR-4283-3p:Novel	0.0435	0.6339	0.942782181818182	0.0882	0.3339	0.745655376344086	0.1198
hsa-miR-4284-3p:Novel	-0.112	0.2195	0.849161904761905	-0.1882	0.0379	0.369804166666667	0.1863
hsa-miR-4285-3p:Novel	0.0428	0.64	0.946625441696113	0.0087	0.9238	0.986109487179487	0.1441
hsa-miR-4286-3p:Novel	0.0453	0.6206	0.940094074074074	0.073	0.4245	0.799050917431193	0.1408
hsa-miR-4290	0.0593	0.5165	0.913433333333333	0.0734	0.4216	0.799050917431193	0.1399
hsa-miR-4290-5p:Novel	-0.0423	0.6435	0.946625441696113	-0.0769	0.4001	0.799050917431193	0.1605
hsa-miR-4302-3p:Novel	-0.1034	0.2572	0.849161904761905	-0.07	0.4438	0.811758232931727	0.1795
hsa-miR-4306-5p:Novel	0.2071	0.0221	0.5726	0.224	0.0131	0.281994736842105	0.2298
hsa-miR-4309	0.0342	0.7088	0.947783986928105	0.0947	0.2993	0.739830177514793	0.1499
hsa-miR-4309-3p:Novel	0.079	0.3872	0.877429281767956	0.107	0.2408	0.69243986013986	0.1572
hsa-miR-4311	0.0242	0.791	0.974274626865672	0.1637	0.0716	0.389289156626506	0.1695
hsa-miR-4311-3p:Novel	0.0098	0.9145	0.991420316622691	0.0225	0.806	0.967566862170088	0.1994
hsa-miR-4313	-0.1162	0.2023	0.849161904761905	-0.1301	0.1533	0.55981875	0.1608
hsa-miR-4313-3p:Novel	0.0269	0.7689	0.966168404907976	0.052	0.5697	0.860697802197802	0.1207
hsa-miR-4326	-0.1259	0.1672	0.84411686746988	-0.1341	0.1407	0.536161818181818	0.2054
hsa-miR-4326-5p:Novel	-0.0124	0.892	0.991420316622691	0.0722	0.4296	0.802312328767123	0.118
hsa-miR-4327-3p:Novel	-0.0078	0.9323	0.993529166666667	0.1915	0.0346	0.369804166666667	0.1983
hsa-miR-4330	0.0276	0.7631	0.966168404907976	-0.0495	0.5882	0.865373381294964	0.1301
hsa-miR-4418	0.1403	0.1231	0.826404109589041	0.1493	0.1007	0.447677173913044	0.1867
hsa-miR-4429-3p:Novel	0.0325	0.7225	0.950168810289389	0.064	0.4838	0.811758232931727	0.1291
hsa-miR-4431	0.161	0.0764	0.750742222222222	0.1067	0.2421	0.69243986013986	0.198
hsa-miR-4436b-5p	-0.1327	0.1451	0.826404109589041	-0.1388	0.1274	0.510849019607843	0.1984
hsa-miR-4437	0.2458	0.0064	0.5726	0.2375	0.0084	0.264276923076923	0.2837
hsa-miR-4441	0.0566	0.5357	0.913433333333333	0.0502	0.5831	0.863920216606498	0.1279
hsa-miR-4443-3p:Novel	0.1049	0.2503	0.849161904761905	0.1837	0.0428	0.369804166666667	0.2188
hsa-miR-4449	0.1381	0.1292	0.826404109589041	0.1975	0.0292	0.322778378378378	0.2214
hsa-miR-4451-5p:Novel	0.0202	0.8254	0.982551162790698	-0.0429	0.6387	0.90078724137931	0.1256
hsa-miR-4452	-0.0525	0.5655	0.923607462686567	0.1344	0.1398	0.536161818181818	0.1946
hsa-miR-4453-3p:Novel	0.0601	0.5105	0.913433333333333	0.1011	0.2678	0.730201333333333	0.1547
hsa-miR-4466-3p:Novel	-0.027	0.7679	0.966168404907976	0.0613	0.5025	0.811905098039216	0.146
hsa-miR-4472	0.0409	0.655	0.946625441696113	-0.0638	0.485	0.811758232931727	0.1524
hsa-miR-4487	-0.0094	0.9182	0.991420316622691	0.0437	0.6328	0.90078724137931	0.1185
hsa-miR-4488-3p:Novel	0.0902	0.323	0.855997419354839	0.1842	0.0422	0.369804166666667	0.1988
hsa-miR-4489	-0.0613	0.5023	0.913433333333333	-0.0253	0.7818	0.957304179104478	0.1343
hsa-miR-4489-3p:Novel	-0.0186	0.8389	0.986683615819209	0.0205	0.8226	0.969529226361032	0.1393
hsa-miR-4492-5p:Novel	0.064	0.484	0.913433333333333	0.1671	0.0658	0.389289156626506	0.1882
hsa-miR-4494	-0.0788	0.3883	0.877429281767956	-0.0504	0.5816	0.863920216606498	0.1289
hsa-miR-4497	0.0016	0.9863	0.995032843137255	0.0938	0.304	0.739830177514793	0.1608
hsa-miR-4497-3p:Novel	0.1184	0.1939	0.849161904761905	0.175	0.0538	0.389289156626506	0.1883
hsa-miR-4505	0.0384	0.6749	0.947783986928105	0.123	0.1771	0.598627272727273	0.1322
hsa-miR-4505-3p:Novel	0.2293	0.0111	0.5726	0.1752	0.0536	0.389289156626506	0.212
hsa-miR-4506	-0.0482	0.5979	0.923607462686567	-0.1623	0.0741	0.389289156626506	0.189
hsa-miR-4508-3p:Novel	0.2027	0.0251	0.5726	0.2923	0.0011	0.112475	0.2961
hsa-miR-4513-3p:Novel	0.09	0.3244	0.855997419354839	0.1109	0.224	0.679178832116788	0.211
hsa-miR-4516-3p:Novel	0.1033	0.2577	0.849161904761905	0.2243	0.013	0.281994736842105	0.2153
hsa-miR-4520-3p	0.0929	0.309	0.850558552631579	0.0998	0.2739	0.737007236842105	0.1536
hsa-miR-4527-3p:Novel	0.0121	0.8951	0.991420316622691	0.0119	0.8967	0.977368965517241	0.1374
hsa-miR-4528-5p:Novel	-0.0746	0.4141	0.905705347593583	-0.1498	0.0996	0.447652747252747	0.1649
hsa-miR-4534	0.049	0.5918	0.923607462686567	0.0911	0.3185	0.745655376344086	0.1336
hsa-miR-4537-3p:Novel	-0.0145	0.8739	0.98776301369863	0.0905	0.3213	0.745655376344086	0.137
hsa-miR-4632-5p	-0.0165	0.8569	0.987245352112676	-0.0762	0.4043	0.799050917431193	0.1923
hsa-miR-4634	0.0885	0.3325	0.857613836477987	0.156	0.0862	0.409951162790698	0.1869
hsa-miR-4651-3p:Novel	-0.0276	0.7625	0.966168404907976	0.0679	0.4572	0.811758232931727	0.157
hsa-miR-4654	0.0758	0.4067	0.899136756756757	0.1176	0.197	0.637653543307087	0.1689
hsa-miR-4655-5p	0.0612	0.5034	0.913433333333333	-5e-04	0.9958	0.9969	0.1517
hsa-miR-4666a-5p	0.0052	0.9543	0.995032843137255	-0.0943	0.3018	0.739830177514793	0.1416
hsa-miR-4674	0.0559	0.5411	0.913433333333333	0.08	0.3811	0.775472139303483	0.1578
hsa-miR-4674-5p:Novel	-0.0723	0.4288	0.909207	0.0779	0.3935	0.796740099009901	0.1365
hsa-miR-4675	-0.0438	0.6318	0.942782181818182	0.0885	0.3322	0.745655376344086	0.1577
hsa-miR-4682-3p:Novel	-0.0705	0.4403	0.909207	0.0523	0.5673	0.860697802197802	0.1493
hsa-miR-4683	0.0011	0.9906	0.995032843137255	0.0135	0.8824	0.97652884097035	0.1118
hsa-miR-4690-5p	0.0097	0.9159	0.991420316622691	-0.0023	0.9797	0.996372235872236	0.1133
hsa-miR-4693-3p	0.0213	0.8162	0.982551162790698	-0.0384	0.6744	0.922036893203883	0.1204
hsa-miR-4695-5p	0.1114	0.2218	0.849161904761905	0.1454	0.11	0.476162105263158	0.1598
hsa-miR-4698	-0.0546	0.5499	0.916592276422764	-0.0122	0.8939	0.977368965517241	0.125
hsa-miR-4700-5p	-0.1413	0.1205	0.826404109589041	0.0649	0.4779	0.811758232931727	0.1632
hsa-miR-4713-3p	-0.0513	0.5747	0.923607462686567	0.174	0.0553	0.389289156626506	0.2245
hsa-miR-4725-5p	-0.0023	0.9798	0.995032843137255	-0.0897	0.3256	0.745655376344086	0.134
hsa-miR-4738-3p	0.072	0.4304	0.909207	0.2109	0.0197	0.29758275862069	0.2099
hsa-miR-4739	0.1026	0.2606	0.849161904761905	0.1832	0.0434	0.369804166666667	0.222
hsa-miR-4739-3p:Novel	-0.0873	0.3391	0.863472670807453	0.1452	0.1106	0.476162105263158	0.1742
hsa-miR-4741	0.0396	0.6652	0.947783986928105	0.1174	0.198	0.637653543307087	0.165
hsa-miR-4754-3p:Novel	0.1093	0.2306	0.849161904761905	0.1323	0.1465	0.539806306306306	0.1778
hsa-miR-4758-5p	-0.0689	0.4505	0.91252009569378	-0.0746	0.4144	0.799050917431193	0.1622
hsa-miR-4767	0.0102	0.911	0.991420316622691	-0.0342	0.7084	0.925672843450479	0.1739
hsa-miR-4771-5p:Novel	-0.0171	0.852	0.986683615819209	0.0243	0.7907	0.962488988095238	0.1291
hsa-miR-4784-3p:Novel	0.1018	0.2648	0.849175524475524	-0.1338	0.1417	0.536161818181818	0.1952
hsa-miR-4785	-0.0201	0.8264	0.982551162790698	-0.001	0.9915	0.996372235872236	0.1365
hsa-miR-4787-5p	0.1124	0.2176	0.849161904761905	0.0657	0.4719	0.811758232931727	0.1813
hsa-miR-484-3p:Novel	0.0944	0.3011	0.85055306122449	0.1414	0.1202	0.494072	0.1718
hsa-miR-5001-5p	0.0791	0.3865	0.877429281767956	0.0745	0.4147	0.799050917431193	0.1413
hsa-miR-5006-5p	-0.1149	0.2077	0.849161904761905	-0.111	0.2235	0.679178832116788	0.1955
hsa-miR-501-3p	-0.0332	0.7166	0.949833009708738	-0.0086	0.9252	0.986109487179487	0.1376
hsa-miR-504-5p	-0.0212	0.8169	0.982551162790698	0.0023	0.9796	0.996372235872236	0.1386
hsa-miR-5090-3p:Novel	0.2093	0.0207	0.5726	0.1661	0.0674	0.389289156626506	0.2084
hsa-miR-5091	-0.0939	0.3037	0.85055306122449	-0.1445	0.1124	0.478870833333333	0.15
hsa-miR-5091-3p:Novel	-0.0238	0.7946	0.974274626865672	0.0625	0.4942	0.811758232931727	0.1422
hsa-miR-5092	-0.0359	0.6948	0.947783986928105	-0.0224	0.8067	0.967566862170088	0.1583
hsa-miR-5093	-0.1253	0.1689	0.84411686746988	-0.1277	0.1609	0.564909401709402	0.1898
hsa-miR-5100	-0.0236	0.7961	0.974274626865672	0.0847	0.3536	0.763753684210526	0.1424
hsa-miR-5189-3p	0.017	0.8523	0.986683615819209	-0.0147	0.8725	0.97652884097035	0.1252
hsa-miR-5191	0.133	0.1442	0.826404109589041	0.1429	0.1163	0.490378350515464	0.176
hsa-miR-5193	-0.0345	0.7056	0.947783986928105	-0.0136	0.8814	0.97652884097035	0.1349
hsa-miR-5193-5p:Novel	0.1263	0.1657	0.84411686746988	0.1083	0.2351	0.692063309352518	0.1699
hsa-miR-5196-5p	0.0346	0.7054	0.947783986928105	-0.097	0.2876	0.739830177514793	0.153
hsa-miR-548aa, hsa-miR-548t-3p	-0.0576	0.5286	0.913433333333333	-0.0216	0.8136	0.969529226361032	0.1365
hsa-miR-548d-5p	-0.0365	0.6894	0.947783986928105	-0.0027	0.9761	0.996372235872236	0.1266
hsa-miR-548i	-0.2156	0.0171	0.5726	-0.2492	0.0056	0.223090909090909	0.2655
hsa-miR-550a-3-5p	-0.0835	0.3604	0.86708	-0.1423	0.1179	0.492052040816327	0.1881
hsa-miR-550a-3p	-0.1131	0.2149	0.849161904761905	-0.1741	0.0552	0.389289156626506	0.2277
hsa-miR-550b-3p	-0.1071	0.2403	0.849161904761905	-0.134	0.1412	0.536161818181818	0.1669
hsa-miR-551a	-0.1146	0.2087	0.849161904761905	-0.0874	0.3386	0.745655376344086	0.1474
hsa-miR-557	0.2085	0.0212	0.5726	0.2281	0.0115	0.276676470588235	0.2338
hsa-miR-5572	0.1024	0.2616	0.849161904761905	0.1102	0.2269	0.679178832116788	0.1485
hsa-miR-5572-5p:Novel	-0.052	0.5697	0.923607462686567	0.0073	0.9367	0.986109487179487	0.1277
hsa-miR-5691-3p:Novel	-0.0632	0.4894	0.913433333333333	0.0482	0.5978	0.870107473309609	0.1387
hsa-miR-5698	0.0971	0.2872	0.849175524475524	0.097	0.2876	0.739830177514793	0.1477
hsa-miR-5706-3p:Novel	0.0917	0.3152	0.850558552631579	0.066	0.4702	0.811758232931727	0.1614
hsa-miR-572	-0.0952	0.2969	0.849175524475524	-0.0166	0.8562	0.97652884097035	0.1846
hsa-miR-584-5p	0.1826	0.0441	0.623043333333333	0.0916	0.3155	0.745655376344086	0.1583
hsa-miR-595-5p:Novel	-0.0203	0.8243	0.982551162790698	0.0746	0.4139	0.799050917431193	0.1388
hsa-miR-598-5p	0.0386	0.6727	0.947783986928105	0.1618	0.075	0.389289156626506	0.1656
hsa-miR-599	-0.0061	0.947	0.995032843137255	0.0046	0.9596	0.994335949367089	0.1121
hsa-miR-6068-3p:Novel	-0.0346	0.7055	0.947783986928105	0.0639	0.4842	0.811758232931727	0.1228
hsa-miR-6069-3p:Novel	0.1755	0.0531	0.658118181818182	0.2622	0.0035	0.223090909090909	0.2525
hsa-miR-607	-0.0674	0.4605	0.91252009569378	0.0282	0.7575	0.950925	0.1745
hsa-miR-607-5p:Novel	-0.0056	0.9515	0.995032843137255	-0.0164	0.8575	0.97652884097035	0.1301
hsa-miR-6070-3p:Novel	-0.0814	0.3729	0.871520571428571	-0.1649	0.0695	0.389289156626506	0.1806
hsa-miR-6071	0.0821	0.3688	0.871520571428571	0.2481	0.0059	0.223090909090909	0.2647
hsa-miR-6075	0.1438	0.1142	0.826404109589041	0.1525	0.0935	0.439557471264368	0.1766
hsa-miR-6076-3p:Novel	-0.0742	0.4165	0.906109042553191	-0.0363	0.6912	0.922036893203883	0.1265
hsa-miR-6077	0.0486	0.5953	0.923607462686567	-0.0515	0.5731	0.860697802197802	0.13
hsa-miR-608-3p:Novel	-0.0082	0.9284	0.993529166666667	0.0893	0.3279	0.745655376344086	0.1598
hsa-miR-6081	-0.2325	0.01	0.5726	-0.0929	0.309	0.741461988304094	0.1975
hsa-miR-6083	-0.0618	0.4987	0.913433333333333	-0.067	0.4634	0.811758232931727	0.1153
hsa-miR-6084-5p:Novel	0.1911	0.035	0.5726	0.2145	0.0177	0.29758275862069	0.2098
hsa-miR-6085	0.012	0.8957	0.991420316622691	-0.0071	0.9379	0.986109487179487	0.1032
hsa-miR-6085-5p:Novel	0.1188	0.1923	0.849161904761905	0.1842	0.0423	0.369804166666667	0.1845
hsa-miR-6089	0.0302	0.7416	0.965969426751592	0.1412	0.1208	0.494072	0.1391
hsa-miR-6124-3p:Novel	0.0504	0.5816	0.923607462686567	0.0645	0.4805	0.811758232931727	0.133
hsa-miR-6125	-0.0706	0.4395	0.909207	0.0736	0.4203	0.799050917431193	0.1646
hsa-miR-6125-5p:Novel	0.0531	0.5615	0.923607462686567	0.1514	0.096	0.441168539325843	0.2073
hsa-miR-6126-3p:Novel	0.1356	0.1364	0.826404109589041	0.1041	0.2536	0.715326896551724	0.1748
hsa-miR-6127	0.015	0.8695	0.98776301369863	0.2172	0.0162	0.29758275862069	0.2117
hsa-miR-6127-3p:Novel	0.0681	0.456	0.91252009569378	0.1403	0.1233	0.49930396039604	0.1629
hsa-miR-6130	-0.2165	0.0166	0.5726	-0.2136	0.0182	0.29758275862069	0.2454
hsa-miR-6131	0.0022	0.9812	0.995032843137255	0.0056	0.9514	0.990133842239186	0.143
hsa-miR-6131-5p:Novel	0.1865	0.0397	0.623043333333333	0.1146	0.2088	0.656916923076923	0.2124
hsa-miR-6132	-0.0999	0.2735	0.849175524475524	-0.0825	0.3665	0.764788265306122	0.1624
hsa-miR-6165-3p:Novel	-0.1533	0.0918	0.816221739130435	-0.1275	0.1616	0.564909401709402	0.1716
hsa-miR-617-3p:Novel	-0.061	0.5044	0.913433333333333	-0.0163	0.8588	0.97652884097035	0.133
hsa-miR-622	-0.178	0.0498	0.63650625	-0.0947	0.2992	0.739830177514793	0.1722
hsa-miR-632	-0.0307	0.7374	0.963567412140575	0.0709	0.4377	0.810042081447964	0.1437
hsa-miR-636	0.1328	0.1448	0.826404109589041	0.2514	0.0052	0.223090909090909	0.2611
hsa-miR-637	0.1274	0.1619	0.84411686746988	0.1214	0.1828	0.603275	0.1842
hsa-miR-638	-0.0328	0.7202	0.950168810289389	-0.0508	0.5787	0.863825912408759	0.1451
hsa-miR-638-3p:Novel	0.0386	0.6731	0.947783986928105	0.0862	0.3449	0.754353475935829	0.1169
hsa-miR-639	0.1495	0.1004	0.826404109589041	0.2015	0.0261	0.304997142857143	0.2293
hsa-miR-641-3p:Novel	0.0031	0.9734	0.995032843137255	0.1026	0.2606	0.720171621621622	0.1578
hsa-miR-645	-0.1813	0.0457	0.623043333333333	-0.1813	0.0456	0.380620408163265	0.196
hsa-miR-646	0.0586	0.5215	0.913433333333333	0.0591	0.5178	0.821775384615385	0.1916
hsa-miR-646-5p:Novel	-0.0049	0.9576	0.995032843137255	0.0149	0.8705	0.97652884097035	0.1392
hsa-miR-647-3p:Novel	0.2033	0.0247	0.5726	0.2912	0.0011	0.112475	0.2839
hsa-miR-650	0.1068	0.2417	0.849161904761905	0.158	0.0821	0.39974880952381	0.179
hsa-miR-6509-5p	-0.147	0.1061	0.826404109589041	-0.0201	0.8257	0.969529226361032	0.1824
hsa-miR-6511a-3p	0.0817	0.3708	0.871520571428571	0.1021	0.2629	0.721651677852349	0.1675
hsa-miR-6511b-5p	0.0358	0.6953	0.947783986928105	0.0683	0.4547	0.811758232931727	0.1688
hsa-miR-654-5p	-0.0252	0.7825	0.972773556231003	-0.021	0.8186	0.969529226361032	0.1287
hsa-miR-655-5p	-0.0029	0.9751	0.995032843137255	0.0228	0.8032	0.967566862170088	0.1593
hsa-miR-657-5p:Novel	0.0268	0.7691	0.966168404907976	-0.0023	0.9797	0.996372235872236	0.1643
hsa-miR-663a-3p:Novel	0.0666	0.4663	0.91252009569378	-0.049	0.5917	0.866933928571429	0.1494
hsa-miR-6717-3p:Novel	0.0593	0.5164	0.913433333333333	-0.0168	0.8545	0.97652884097035	0.1627
hsa-miR-6717-5p	-0.0054	0.9533	0.995032843137255	-0.0586	0.5217	0.821775384615385	0.1448
hsa-miR-6721-3p:Novel	-0.0771	0.3986	0.890860109289618	0.0607	0.5062	0.811905098039216	0.1777
hsa-miR-6724-3p:Novel	0.0321	0.7257	0.951318269230769	0.0262	0.7742	0.956639879154079	0.1071
hsa-miR-6724-5p	0.0419	0.6465	0.946625441696113	0.0298	0.7446	0.950925	0.13
hsa-miR-6728-5p	-0.1974	0.0293	0.5726	-0.028	0.7595	0.950925	0.2111
hsa-miR-6731-5p	-0.0955	0.2954	0.849175524475524	-0.0673	0.4615	0.811758232931727	0.1274
hsa-miR-6738-5p	-0.0849	0.3525	0.863525595238095	-0.0585	0.5224	0.821775384615385	0.1228
hsa-miR-6743-3p	0.1479	0.1041	0.826404109589041	0.1106	0.2251	0.679178832116788	0.2292
hsa-miR-6745-5p:Novel	-0.0267	0.7701	0.966168404907976	0.0142	0.8765	0.97652884097035	0.1177
hsa-miR-6756-5p	0.0523	0.5671	0.923607462686567	0.044	0.6305	0.90078724137931	0.1565
hsa-miR-6757-5p	-0.0256	0.7798	0.97237256097561	0.0585	0.5223	0.821775384615385	0.1528
hsa-miR-6758-5p	0.0655	0.4738	0.913433333333333	-0.0379	0.6788	0.922036893203883	0.1531
hsa-miR-6760-5p	-0.0701	0.4432	0.909207	-0.0742	0.4165	0.799050917431193	0.1548
hsa-miR-6768-5p	0.0967	0.2891	0.849175524475524	0.16	0.0783	0.389289156626506	0.179
hsa-miR-6772-5p	0.1214	0.1827	0.849161904761905	0.1141	0.2108	0.658146564885496	0.1726
hsa-miR-6773-5p	-0.183	0.0437	0.623043333333333	-0.1616	0.0753	0.389289156626506	0.2064
hsa-miR-6777-5p	-0.1265	0.1651	0.84411686746988	-0.0669	0.4639	0.811758232931727	0.1418
hsa-miR-6778-5p	0.0606	0.5075	0.913433333333333	0.1237	0.1747	0.595435833333333	0.2082
hsa-miR-6787-5p	0.1396	0.1251	0.826404109589041	0.1215	0.1824	0.603275	0.1722
hsa-miR-6788-3p	0.0136	0.8815	0.98776301369863	0.1243	0.1725	0.592878151260504	0.1496
hsa-miR-6790-5p	0.1237	0.1745	0.845427058823529	0.163	0.0729	0.389289156626506	0.1897
hsa-miR-6802-5p	-0.1031	0.2583	0.849161904761905	0.04	0.6619	0.914584797297297	0.183
hsa-miR-6805-5p	-0.1943	0.032	0.5726	-0.0999	0.2738	0.737007236842105	0.1761
hsa-miR-6829-5p	0.1294	0.1553	0.84411686746988	0.1904	0.0357	0.369804166666667	0.2152
hsa-miR-6832-5p	0.2083	0.0213	0.5726	0.0939	0.3034	0.739830177514793	0.2419
hsa-miR-6838-5p	-0.0638	0.4854	0.913433333333333	0.0144	0.8747	0.97652884097035	0.1392
hsa-miR-6849-5p	-0.0959	0.2933	0.849175524475524	-0.0828	0.3644	0.764788265306122	0.1424
hsa-miR-6867-5p	-0.0556	0.5427	0.913433333333333	-0.0838	0.359	0.764788265306122	0.1425
hsa-miR-6869-5p	0.0141	0.8779	0.98776301369863	0.0445	0.6264	0.898938947368421	0.1341
hsa-miR-6871-3p	0.0142	0.8768	0.98776301369863	0.128	0.1602	0.564909401709402	0.1729
hsa-miR-6871-5p	0.1385	0.128	0.826404109589041	0.1847	0.0417	0.369804166666667	0.2152
hsa-miR-6874-5p	-0.0497	0.5863	0.923607462686567	0.0292	0.7494	0.950925	0.1397
hsa-miR-6879-5p	-0.0917	0.3152	0.850558552631579	0.0619	0.4983	0.811905098039216	0.1522
hsa-miR-6880-5p	0.125	0.1701	0.84411686746988	0.2039	0.0243	0.301172727272727	0.1866
hsa-miR-6884-5p	0.0883	0.3334	0.857613836477987	0.3029	7e-04	0.112475	0.3108
hsa-miR-6895-3p	0.0578	0.5273	0.913433333333333	0.0141	0.8772	0.97652884097035	0.1267
hsa-miR-7108-5p	0.1932	0.033	0.5726	0.2567	0.0043	0.223090909090909	0.2397
hsa-miR-711	-0.0396	0.6647	0.947783986928105	-0.0164	0.858	0.97652884097035	0.1283
hsa-miR-7113-5p	-0.1825	0.0442	0.623043333333333	-0.0752	0.4102	0.799050917431193	0.1841
hsa-miR-7161-3p	-0.0118	0.8973	0.991420316622691	0.1167	0.2003	0.64002109375	0.1522
hsa-miR-718	0.1578	0.0826	0.750742222222222	0.1686	0.0634	0.389289156626506	0.2234
hsa-miR-7515-5p:Novel	-0.0034	0.9701	0.995032843137255	0.0368	0.6876	0.922036893203883	0.1379
hsa-miR-760	-0.0498	0.5857	0.923607462686567	0.0088	0.9232	0.986109487179487	0.1664
hsa-miR-765-5p:Novel	0.0578	0.5268	0.913433333333333	0.061	0.5047	0.811905098039216	0.1483
hsa-miR-770-3p:Novel	0.1107	0.2248	0.849161904761905	0.202	0.0256	0.304997142857143	0.2338
hsa-miR-7704-3p:Novel	0.1334	0.1431	0.826404109589041	0.1863	0.04	0.369804166666667	0.1992
hsa-miR-7844-3p:Novel	-0.1331	0.1438	0.826404109589041	0.0573	0.5305	0.831319923371647	0.1869
hsa-miR-7845-3p:Novel	-0.0019	0.9837	0.995032843137255	-0.0373	0.6834	0.922036893203883	0.1586
hsa-miR-7847-5p:Novel	-0.0027	0.9768	0.995032843137255	0.0627	0.493	0.811758232931727	0.1453
hsa-miR-7851-3p	0.1585	0.0812	0.750742222222222	0.167	0.066	0.389289156626506	0.2397
hsa-miR-7851-5p:Novel	0.0856	0.3487	0.863525595238095	0.1354	0.1371	0.536161818181818	0.1897
hsa-miR-8053	-0.1381	0.1292	0.826404109589041	-0.1284	0.1588	0.564909401709402	0.1938
hsa-miR-8057-3p:Novel	0.0651	0.4761	0.913433333333333	0.083	0.3631	0.764788265306122	0.1863
hsa-miR-8072	0.2046	0.0238	0.5726	0.2476	0.006	0.223090909090909	0.2432
hsa-miR-8072-3p:Novel	0.0746	0.4138	0.905705347593583	0.0539	0.5554	0.860449242424242	0.1323
hsa-miR-8074	-0.2007	0.0266	0.5726	-0.2389	0.008	0.264276923076923	0.2299
hsa-miR-8077	0.1103	0.2264	0.849161904761905	0.1074	0.2392	0.69243986013986	0.1291
hsa-miR-8079-3p:Novel	0.0174	0.8491	0.986683615819209	0.003	0.9742	0.996372235872236	0.1121
hsa-miR-8080	0.1508	0.0974	0.826404109589041	0.2507	0.0054	0.223090909090909	0.2341
hsa-miR-8082-3p:Novel	0.1921	0.034	0.5726	0.1705	0.0605	0.389289156626506	0.2272
hsa-miR-8083-3p:Novel	0.0137	0.8813	0.98776301369863	0.0602	0.51	0.8148046875	0.163
hsa-miR-8085-3p:Novel	-0.0379	0.6789	0.947783986928105	0.0131	0.8858	0.97652884097035	0.116
hsa-miR-8086	0.0763	0.4034	0.896688043478261	0.1507	0.0976	0.443537777777778	0.1608
hsa-miR-922	-0.3002	8e-04	0.1636	-0.2299	0.0108	0.276676470588235	0.3263
hsa-miR-922-5p:Novel	-0.0679	0.4572	0.91252009569378	-0.095	0.2978	0.739830177514793	0.1461
hsa-miR-92a-3p	-0.0562	0.5386	0.913433333333333	0.0135	0.8828	0.97652884097035	0.1168
hsa-miR-92b-5p	0.0871	0.3399	0.863472670807453	0.0752	0.4107	0.799050917431193	0.2092
hsa-miR-935	0.208	0.0215	0.5726	0.1756	0.0531	0.389289156626506	0.2642
hsa-miR-935-5p:Novel	0.0935	0.3057	0.85055306122449	0.1604	0.0775	0.389289156626506	0.1833
hsa-miR-940	0.1959	0.0306	0.5726	0.2335	0.0096	0.276676470588235	0.2144
hsa-miR-943-5p:Novel	0.1338	0.1419	0.826404109589041	0.1618	0.0749	0.389289156626506	0.1908
hsa-miR-944-5p:Novel	0.0073	0.9366	0.994985454545455	0.0411	0.6531	0.908118644067797	0.1557
hsa-miR-9898-5p:Novel	0.0014	0.9879	0.995032843137255	0.076	0.4056	0.799050917431193	0.1385
hsa-miR-9899-5p:Novel	-0.1132	0.2145	0.849161904761905	-0.0099	0.9135	0.98321447368421	0.1827
hsa-miR-9901	0.0368	0.6871	0.947783986928105	0.125	0.1702	0.589930508474576	0.1564
hsa-miR-9901-3p:Novel	0.109	0.2319	0.849161904761905	0.1608	0.0768	0.389289156626506	0.1852
