miRNA baseMean log2FoldChange lfcSE stat pvalue padj comparison
hsa-miR-200c-3p 178.750743855921 -1.43531062541253 0.295233969420945 -4.8616039279886 1.16438420939562e-06 0.000377260483844182 M_F
hsa-miR-4418 53.4666402823737 -1.26519598166571 0.253299720651717 -4.9948573903298 5.88792599383572e-07 0.000377260483844182 M_F
hsa-miR-215-5p 406.765194128146 -1.44253471132643 0.315431114938348 -4.57321628403202 4.8029389530017e-06 0.000518717406924183 M_F
hsa-miR-4330-5p:Novel 26.0499418971451 -1.17895133104133 0.256397083499718 -4.59814641784966 4.26266391595791e-06 0.000518717406924183 M_F
hsa-miR-4632-5p 95.8357267411609 -1.1114422471256 0.239303501219892 -4.64448803072176 3.40920812010505e-06 0.000518717406924183 M_F
hsa-miR-615-5p 37.4253998814467 1.48018506573616 0.321180591918016 4.60857568291047 4.05436793944594e-06 0.000518717406924183 M_F
hsa-miR-4530-5p:Novel 16.0875927292107 1.38762752318462 0.309769638954104 4.47954656844278 7.48017699301344e-06 0.000692450670210387 M_F
hsa-miR-3615-5p:Novel 19.3979786311632 -1.02170717839362 0.229859361814604 -4.44492306220571 8.79233269663579e-06 0.000712178948427499 M_F
hsa-miR-324-5p 36.8072194859444 1.36876752406336 0.310598982101876 4.406864165493 1.04877911934342e-05 0.000755120965927264 M_F
hsa-miR-194-3p 131.235538653922 -1.018545108816 0.232911717729522 -4.37309517419309 1.22497288012023e-05 0.000793782426317908 M_F
hsa-miR-192-5p 1159.33270247596 -1.23601719803509 0.291652229645876 -4.23798302360265 2.25536818259596e-05 0.00124015041266446 M_F
hsa-miR-324-3p 31.6201984545078 1.31206151468016 0.309893190015469 4.23391528744037 2.29657483826751e-05 0.00124015041266446 M_F
hsa-miR-1202-3p:Novel 40.7198207154566 -1.02728569639608 0.25177395883868 -4.08019042610477 4.4998821872543e-05 0.00224301819795445 M_F
hsa-miR-148a-3p 259.093641831937 -1.14562561181747 0.289271524823362 -3.96038155679866 7.48301017249771e-05 0.00303984717884876 M_F
hsa-miR-21-5p 320.318767078528 -1.09406340785152 0.276732575144608 -3.95350423519821 7.70149000940351e-05 0.00303984717884876 M_F
hsa-miR-10a-5p 60.1605306976451 -1.10179645311378 0.29177305874726 -3.77621038023316 0.000159232512934721 0.00543066675693153 M_F
hsa-miR-375-3p 113.772651655228 -1.06155706360348 0.289748539245158 -3.66371843105407 0.000248580039887555 0.0080539932923568 M_F
hsa-let-7g-5p 355.953910745183 -1.14246337291085 0.319930541752541 -3.57097314514761 0.00035565736322499 0.00952933891986481 M_F
hsa-miR-27a-3p 25.7409873937353 -0.990221282092735 0.277973810247105 -3.56228265250053 0.000367644248451575 0.00952933891986481 M_F
hsa-miR-27b-3p 20.9155190705001 -1.20535908982195 0.335255969854945 -3.59533967536349 0.000323968594178959 0.00952933891986481 M_F
hsa-miR-378a-3p 141.402018220342 -1.03229285040913 0.28711579604451 -3.59538856667119 0.000323907754513406 0.00952933891986481 M_F
hsa-miR-3935 32.9184875882447 0.690753996531951 0.19317098385504 3.57586829422741 0.000349067368234583 0.00952933891986481 M_F
hsa-miR-194-1-3p:Novel 157.231022357852 -0.934525166403731 0.26651659852423 -3.50644264401705 0.000454139299645529 0.0113185486988578 M_F
hsa-miR-4693-3p 189.070431029577 -0.714847871744041 0.207476373747428 -3.44544228739155 0.000570125696960425 0.0136830167270502 M_F
hsa-miR-22-3p 42.7239627643641 -1.00729115982653 0.293533454077102 -3.43160599187424 0.00060001860851132 0.0138861449398334 M_F
hsa-miR-3920 33.1548344059348 -0.670819012979484 0.19668731297178 -3.4105860863315 0.000648234168415873 0.0144846807287409 M_F
hsa-let-7b-5p 319.033725136674 -0.977419010817873 0.290003208731971 -3.37037309032408 0.000750664741745064 0.0162143584216934 M_F
hsa-miR-200b-3p 167.235143518842 -0.923204784370094 0.278130377056111 -3.31932381547753 0.00090235725671979 0.0182615865461041 M_F
hsa-miR-4326 45.1018873286661 -0.904731059748883 0.273258938928705 -3.31089282310699 0.000929988203736783 0.0182615865461041 M_F
hsa-miR-30d-5p 45.6476519081401 -0.894271455045995 0.277397474324515 -3.22379090589638 0.00126505733641112 0.0241105045292472 M_F
hsa-miR-4700-5p 183.56663075976 -0.853043680077667 0.269205766657485 -3.16874222521023 0.00153100115025713 0.0283453927247606 M_F
hsa-miR-146a-5p 19.7727067861518 -0.778462524092241 0.248181855066075 -3.13666171882302 0.00170883166342635 0.0299276464297372 M_F
hsa-miR-26b-5p 39.4860811351517 -1.11545197340426 0.355129878294229 -3.14096909773415 0.00168389798931388 0.0299276464297372 M_F
hsa-miR-4698 62.3178029379821 -0.748800852235195 0.239649770293292 -3.12456319619579 0.00178069266856549 0.03036549603238 M_F
hsa-miR-3141-3p:Novel 24.0856491745631 -0.475677916847396 0.15311063760231 -3.10675942766905 0.0018915025958195 0.0314280431305394 M_F
hsa-let-7i-5p 389.310207941621 -0.962622484465799 0.310940576315257 -3.09584067757633 0.00196255780939351 0.0317934365121749 M_F
hsa-miR-1281-5p:Novel 322.245891083263 -1.32373752099371 0.433757660163335 -3.05179053320982 0.00227480784356998 0.035097035300794 M_F
hsa-miR-6131-5p:Novel 104.914643858443 -0.734313957101083 0.244011800499103 -3.00933789103278 0.00261817757693017 0.037704316057258 M_F
hsa-miR-4800-3p 24.4473182193546 -0.803427895885606 0.267703529453535 -3.0011852945146 0.002689308631587 0.0378841737667038 M_F
hsa-miR-25-3p 34.4741646458865 -1.00343578897749 0.339074932459978 -2.9593334479125 0.00308305304826869 0.0416212161516273 M_F
hsa-miR-4675 36.7739397025859 0.591175342144288 0.201230009638273 2.93780904352673 0.00330540547468354 0.0428380549518987 M_F
hsa-miR-8072-3p:Novel 23.83188046433 -0.463293893420239 0.159970282448424 -2.89612474472945 0.00377802186248433 0.0465675997400177 M_F
hsa-miR-9901 20.9211710753965 -0.505131619635238 0.174924923493097 -2.88770524833285 0.00388063331166814 0.0465675997400177 M_F
