miRNA	SC	SC.p	SC.fdr	PC	PC.p	PC.fdr	DC
hsa-let-7a-3p	-0.1301	0.1356	0.8436	-0.0337	0.7004	0.935257142857143	0.1462
hsa-let-7b-5p	-0.0899	0.3035	0.965177777777778	1e-04	0.9989	0.9989	0.1662
hsa-miR-10392-5p	-0.1662	0.0559	0.758295652173913	-0.0836	0.3385	0.876178512396694	0.1496
hsa-miR-10397-3p	-0.0448	0.6082	0.979277419354839	-0.0491	0.5746	0.911877777777778	0.115
hsa-miR-10400-5p	0.0196	0.8232	0.979277419354839	0.4021	0	0	0.3649
hsa-miR-10401-5p	0.0607	0.4874	0.976612290502793	0.0489	0.5759	0.911877777777778	0.114
hsa-miR-11399-3p:Novel	-9e-04	0.9921	0.9964	-0.0468	0.5928	0.911877777777778	0.1331
hsa-miR-1181-3p:Novel	-0.0061	0.9442	0.9964	0.2379	0.0058	0.0646285714285714	0.2194
hsa-miR-1184	-0.0488	0.5769	0.979277419354839	-0.0187	0.8307	0.970226865671642	0.1477
hsa-miR-1202	-0.0531	0.5442	0.976612290502793	-0.1025	0.2403	0.797591489361702	0.159
hsa-miR-1202-3p:Novel	0.0327	0.7089	0.979277419354839	-0.0067	0.9392	0.985219801980198	0.148
hsa-miR-1203	0.1291	0.1386	0.8436	-0.0326	0.7098	0.935257142857143	0.1255
hsa-miR-12118-3p:Novel	0.0385	0.6598	0.979277419354839	0.0013	0.9884	0.996689032258064	0.152
hsa-miR-12120-3p:Novel	-0.1533	0.0781	0.8436	0.0878	0.3148	0.854234482758621	0.1786
hsa-miR-12121	-0.051	0.5599	0.976612290502793	0.045	0.607	0.911877777777778	0.1936
hsa-miR-12123	0.144	0.0983	0.8436	0.0279	0.7503	0.935257142857143	0.1236
hsa-miR-12126-5p:Novel	7e-04	0.9935	0.9964	0.0469	0.5921	0.911877777777778	0.1341
hsa-miR-12127	0.0239	0.785	0.979277419354839	0.1574	0.0705	0.379241379310345	0.1765
hsa-miR-12136	-0.0902	0.3017	0.965177777777778	-0.0522	0.551	0.911877777777778	0.1579
hsa-miR-12136-3p:Novel	0.1002	0.2512	0.955006896551724	0.1871	0.031	0.219818181818182	0.1906
hsa-miR-1229-5p	-0.0848	0.3317	0.965177777777778	-0.0036	0.9672	0.988713725490196	0.1806
hsa-miR-1231	0.0309	0.724	0.979277419354839	0.0187	0.8308	0.970226865671642	0.1742
hsa-miR-1231-3p:Novel	-0.0511	0.5591	0.976612290502793	-0.103	0.2379	0.797591489361702	0.1757
hsa-miR-124-5p	-0.0533	0.542	0.976612290502793	0.0739	0.3981	0.911877777777778	0.1713
hsa-miR-1246-3p:Novel	0.0324	0.7109	0.979277419354839	0.3891	0	0	0.3128
hsa-miR-1260a-3p:Novel	-0.0489	0.5758	0.979277419354839	0.0231	0.7917	0.957404651162791	0.163
hsa-miR-1260b	0.052	0.552	0.976612290502793	-0.0201	0.8184	0.9672	0.1177
hsa-miR-1267-3p:Novel	-0.1003	0.2508	0.955006896551724	0.1168	0.1807	0.76630243902439	0.204
hsa-miR-1272	0.0182	0.8356	0.979277419354839	-0.0508	0.5613	0.911877777777778	0.119
hsa-miR-1272-3p:Novel	0.0855	0.3281	0.965177777777778	0.0208	0.8119	0.9672	0.1154
hsa-miR-1275-3p:Novel	-0.0774	0.376	0.976612290502793	0.1115	0.2014	0.76630243902439	0.2579
hsa-miR-128-3p	-0.0862	0.324	0.965177777777778	0.0873	0.3176	0.854234482758621	0.2189
hsa-miR-1284	-0.0718	0.4113	0.976612290502793	-0.0478	0.5845	0.911877777777778	0.1326
hsa-miR-1285-3p	0.0663	0.4483	0.976612290502793	0.0687	0.4323	0.911877777777778	0.2521
hsa-miR-1287-5p	-0.0585	0.5034	0.976612290502793	-0.0534	0.5419	0.911877777777778	0.1089
hsa-miR-1288-5p	0.1841	0.0339	0.758295652173913	0.0879	0.3142	0.854234482758621	0.184
hsa-miR-1290-5p:Novel	0.0431	0.622	0.979277419354839	-0.0177	0.8397	0.97032	0.1687
hsa-miR-1291-3p:Novel	-0.0804	0.3577	0.976612290502793	-0.0958	0.2725	0.8502	0.1578
hsa-miR-1293	0.0259	0.7671	0.979277419354839	-0.0777	0.3739	0.911877777777778	0.1442
hsa-miR-1302	-0.1061	0.2243	0.940992	0.038	0.6641	0.922410666666667	0.1491
hsa-miR-1306-3p	0.0896	0.3048	0.965177777777778	-0.0033	0.9697	0.988713725490196	0.1334
hsa-miR-1307-3p	0.063	0.4711	0.976612290502793	0.0171	0.8449	0.972726199261993	0.2068
hsa-miR-1324	-0.051	0.5603	0.976612290502793	-0.0704	0.4209	0.911877777777778	0.1491
hsa-miR-137-3p	-0.1829	0.0351	0.758295652173913	-0.0055	0.9502	0.985219801980198	0.1515
hsa-miR-143-3p	-0.0804	0.3576	0.976612290502793	-0.047	0.591	0.911877777777778	0.1353
hsa-miR-1469-3p:Novel	-0.0036	0.9675	0.9964	0.1087	0.2129	0.772381395348837	0.1749
hsa-miR-148a-3p	-0.0364	0.6773	0.979277419354839	-0.0283	0.7463	0.935257142857143	0.1627
hsa-miR-149-3p	0.0196	0.8225	0.979277419354839	0.3756	0	0	0.3524
hsa-miR-151a-3p	-0.1386	0.1115	0.8436	-0.0323	0.7119	0.935257142857143	0.1871
hsa-miR-181b-5p	-0.0025	0.9768	0.9964	0.0064	0.9416	0.985219801980198	0.2141
hsa-miR-181c-3p	0.0201	0.8183	0.979277419354839	0.1817	0.0363	0.25168	0.2027
hsa-miR-182-5p	-0.0062	0.9436	0.9964	0.1007	0.2487	0.808275	0.2179
hsa-miR-192-5p	-0.0089	0.9193	0.995908333333333	-0.031	0.7233	0.935257142857143	0.1463
hsa-miR-194-1-3p:Novel	-0.0246	0.7789	0.979277419354839	-0.0409	0.6404	0.919549090909091	0.1285
hsa-miR-194-3p	-0.1094	0.2102	0.936891428571429	-0.0355	0.6851	0.933411353711791	0.1346
hsa-miR-194-5p	-0.1758	0.043	0.758295652173913	-0.1531	0.0784	0.400996721311475	0.191
hsa-miR-197-5p	0.0142	0.8708	0.979277419354839	0.005	0.9542	0.985219801980198	0.1259
hsa-miR-199a-3p, hsa-miR-199b-3p	-0.2215	0.0104	0.758295652173913	-0.0026	0.9763	0.992200651465798	0.2392
hsa-miR-200a-3p	0.0315	0.7191	0.979277419354839	-0.0075	0.9321	0.985219801980198	0.1567
hsa-miR-200b-3p	0.0512	0.5581	0.976612290502793	-0.0129	0.8829	0.98507615658363	0.1551
hsa-miR-200c-3p	0.0094	0.9145	0.995908333333333	-0.0337	0.7	0.935257142857143	0.1446
hsa-miR-21-5p	-0.0191	0.8277	0.979277419354839	0.0127	0.8843	0.98507615658363	0.1808
hsa-miR-2110	0.0798	0.3615	0.976612290502793	0.0061	0.9442	0.985219801980198	0.148
hsa-miR-2110-3p:Novel	0.1301	0.1357	0.8436	0.1046	0.2307	0.784408695652174	0.1564
hsa-miR-2114-5p	0.0185	0.8324	0.979277419354839	-0.0717	0.4121	0.911877777777778	0.1115
hsa-miR-219a-5p	-0.0157	0.8574	0.979277419354839	0.3587	0	0	0.3401
hsa-miR-2278-3p:Novel	0.125	0.1517	0.845185714285714	0.0899	0.3033	0.854234482758621	0.1354
hsa-miR-2681-3p	-0.0263	0.7639	0.979277419354839	0.0574	0.5113	0.911877777777778	0.1629
hsa-miR-2861	0.0845	0.3336	0.965177777777778	0.07	0.4237	0.911877777777778	0.1439
hsa-miR-2861-5p:Novel	0.0133	0.8796	0.980125714285714	0.4379	0	0	0.3909
hsa-miR-300	-0.0239	0.785	0.979277419354839	-0.0853	0.3289	0.869633898305085	0.1238
hsa-miR-3064-5p	0.0385	0.6601	0.979277419354839	-0.0885	0.3112	0.854234482758621	0.1297
hsa-miR-3125	-0.1395	0.1093	0.8436	0.1622	0.0622	0.363422222222222	0.216
hsa-miR-3127-5p	-0.0867	0.3209	0.965177777777778	0.0794	0.3637	0.911877777777778	0.1792
hsa-miR-3136-5p	-0.0401	0.6464	0.979277419354839	-0.1227	0.1593	0.710022857142857	0.173
hsa-miR-3137	-0.0339	0.6989	0.979277419354839	-0.0536	0.5399	0.911877777777778	0.1245
hsa-miR-3137-3p:Novel	-0.0018	0.9836	0.9964	-0.0938	0.2828	0.854234482758621	0.1233
hsa-miR-3138-5p:Novel	-0.0416	0.6344	0.979277419354839	-0.0985	0.2594	0.834358762886598	0.1242
hsa-miR-3141-3p:Novel	-0.0721	0.4095	0.976612290502793	-0.0487	0.5778	0.911877777777778	0.16
hsa-miR-3154	-0.0445	0.611	0.979277419354839	-0.0903	0.3011	0.854234482758621	0.1465
hsa-miR-3154-5p:Novel	0.0642	0.4628	0.976612290502793	0.1986	0.0219	0.170458536585366	0.2007
hsa-miR-3155a	0.0328	0.7077	0.979277419354839	0.1088	0.2124	0.772381395348837	0.1637
hsa-miR-3155b	0.1218	0.1626	0.85956	0.1094	0.2101	0.772381395348837	0.1597
hsa-miR-3156-3p	0.121	0.1653	0.85956	0.1957	0.0239	0.17486511627907	0.2639
hsa-miR-3160-3p	0.1309	0.1332	0.8436	0.01	0.9094	0.985219801980198	0.208
hsa-miR-3168-3p:Novel	-0.1526	0.0795	0.8436	-0.0961	0.271	0.8502	0.1407
hsa-miR-3169	-0.1064	0.2228	0.940992	-0.0875	0.3164	0.854234482758621	0.1636
hsa-miR-3170	-0.1933	0.0258	0.758295652173913	-0.1117	0.2003	0.76630243902439	0.208
hsa-miR-3176-5p:Novel	-0.0201	0.8186	0.979277419354839	-0.1079	0.2162	0.773689887640449	0.14
hsa-miR-3180	-0.1152	0.1865	0.9168	0.158	0.0693	0.379241379310345	0.2219
hsa-miR-3180-3p	-0.0661	0.45	0.976612290502793	0.0846	0.333	0.873075630252101	0.1193
hsa-miR-3180-4-3p:Novel, hsa-miR-3180-5-3p:Novel	-0.0438	0.617	0.979277419354839	0.2685	0.0018	0.0330352941176471	0.2717
hsa-miR-3180-5p	-0.1424	0.102	0.8436	-0.0678	0.4378	0.911877777777778	0.1701
hsa-miR-3190-3p	-0.0269	0.7586	0.979277419354839	-0.0345	0.6932	0.935257142857143	0.199
hsa-miR-3195	-0.0608	0.4868	0.976612290502793	0.2902	7e-04	0.0156	0.2939
hsa-miR-320a-3p	0.0705	0.4204	0.976612290502793	0.1619	0.0626	0.363422222222222	0.2347
hsa-miR-320c	0.0148	0.8657	0.979277419354839	0.1646	0.0583	0.363422222222222	0.1779
hsa-miR-320d-1-5p:Novel	-0.0678	0.4381	0.976612290502793	0.1447	0.0966	0.470925	0.2642
hsa-miR-320e-5p:Novel	0.0166	0.8496	0.979277419354839	-0.1047	0.2306	0.784408695652174	0.1486
hsa-miR-323a-5p	0.0137	0.8757	0.979277419354839	-0.0863	0.3234	0.8624	0.1211
hsa-miR-3619-3p	0.2298	0.0078	0.758295652173913	0.1156	0.1853	0.76630243902439	0.204
hsa-miR-3621-3p:Novel	0.026	0.7667	0.979277419354839	0.0452	0.6054	0.911877777777778	0.1495
hsa-miR-3622a-5p	-0.028	0.7488	0.979277419354839	-0.1682	0.053	0.341289795918367	0.1941
hsa-miR-3648	-0.0193	0.8252	0.979277419354839	0.2836	9e-04	0.01872	0.3362
hsa-miR-3648-3p:Novel	-0.0979	0.2624	0.955006896551724	0.0179	0.8377	0.97032	0.223
hsa-miR-3652-3p:Novel	-0.0717	0.4124	0.976612290502793	-0.025	0.7754	0.952459842519685	0.1715
hsa-miR-3665-3p:Novel	0.0585	0.5038	0.976612290502793	0.344	1e-04	0.0026	0.3587
hsa-miR-3668-3p:Novel	0.0231	0.7917	0.979277419354839	-0.0575	0.511	0.911877777777778	0.1001
hsa-miR-3689d-3p:Novel	0.0425	0.6275	0.979277419354839	-0.0282	0.7472	0.935257142857143	0.1299
hsa-miR-3714-3p:Novel	-0.1877	0.0305	0.758295652173913	-0.1019	0.243	0.798063157894737	0.1508
hsa-miR-371a-3p	-0.0874	0.3173	0.965177777777778	-0.1499	0.0851	0.428245161290323	0.1991
hsa-miR-371a-5p	0.1489	0.0871	0.8436	0.0309	0.7238	0.935257142857143	0.146
hsa-miR-378h	0.0459	0.5998	0.979277419354839	-0.0533	0.5421	0.911877777777778	0.1156
hsa-miR-378i	0.0673	0.4413	0.976612290502793	-0.0162	0.8533	0.978785294117647	0.1394
hsa-miR-3907-5p:Novel	-0.0907	0.2991	0.965177777777778	-0.0112	0.898	0.985219801980198	0.1538
hsa-miR-3911-3p:Novel	0.1057	0.2262	0.940992	-0.0109	0.9008	0.985219801980198	0.1424
hsa-miR-3916-3p:Novel	-0.0866	0.3217	0.965177777777778	-0.0834	0.3398	0.876178512396694	0.168
hsa-miR-3920	0.0971	0.2663	0.955006896551724	0.0427	0.6254	0.911877777777778	0.1892
hsa-miR-3935	-0.0069	0.9372	0.9964	-0.0629	0.4721	0.911877777777778	0.1195
hsa-miR-3960	0.1682	0.0529	0.758295652173913	0.2768	0.0013	0.02535	0.3279
hsa-miR-3960-5p:Novel	-4e-04	0.9964	0.9964	0.3562	0	0	0.3551
hsa-miR-3972	-0.0654	0.4544	0.976612290502793	-0.1596	0.0666	0.377803636363636	0.1723
hsa-miR-3976	0.1309	0.1332	0.8436	-0.0213	0.808	0.9672	0.1399
hsa-miR-422a	0.0667	0.4454	0.976612290502793	-0.0126	0.8855	0.98507615658363	0.1161
hsa-miR-425-3p	-0.1193	0.1714	0.876668852459016	-0.024	0.784	0.9555	0.1527
hsa-miR-4254	0.0522	0.5508	0.976612290502793	0.0459	0.5995	0.911877777777778	0.1689
hsa-miR-4254-5p:Novel	0.0109	0.9007	0.992997879858657	-0.0779	0.3727	0.911877777777778	0.1065
hsa-miR-4258-3p:Novel	-0.113	0.1954	0.923709090909091	0.2493	0.0038	0.0494	0.2906
hsa-miR-4259	-0.0647	0.4597	0.976612290502793	-0.0405	0.6431	0.919549090909091	0.121
hsa-miR-4259-5p:Novel	-0.0239	0.7848	0.979277419354839	-0.0371	0.6715	0.927026548672566	0.1331
hsa-miR-4276-3p:Novel	0.0685	0.4333	0.976612290502793	-0.0011	0.9903	0.996689032258064	0.1039
hsa-miR-4277	-0.0582	0.5056	0.976612290502793	0.0052	0.9524	0.985219801980198	0.1333
hsa-miR-4281	0.1216	0.1633	0.85956	0.0064	0.9419	0.985219801980198	0.1162
hsa-miR-4283	0.0343	0.6951	0.979277419354839	0.0135	0.8775	0.98507615658363	0.131
hsa-miR-4284-3p:Novel	-0.0879	0.3145	0.965177777777778	-0.0713	0.4145	0.911877777777778	0.1445
hsa-miR-4286-3p:Novel	0.1389	0.1107	0.8436	0.2205	0.0108	0.11232	0.2449
hsa-miR-4290	0.0649	0.458	0.976612290502793	-0.0386	0.6588	0.922410666666667	0.1363
hsa-miR-4306-5p:Novel	-0.0769	0.3792	0.976612290502793	0.1352	0.1207	0.570581818181818	0.1896
hsa-miR-4309	-0.0228	0.7947	0.979277419354839	-0.0014	0.987	0.996689032258064	0.1424
hsa-miR-4309-3p:Novel	-0.0282	0.7475	0.979277419354839	0.1765	0.0422	0.286226086956522	0.183
hsa-miR-4311	-0.0851	0.3302	0.965177777777778	-0.0543	0.5347	0.911877777777778	0.1312
hsa-miR-4313	-0.0611	0.485	0.976612290502793	-0.0275	0.7534	0.935257142857143	0.1349
hsa-miR-4313-3p:Novel	-0.1013	0.2458	0.955006896551724	0.0612	0.4839	0.911877777777778	0.1841
hsa-miR-4326	-0.0585	0.5033	0.976612290502793	0.0077	0.9301	0.985219801980198	0.1306
hsa-miR-4326-5p:Novel	0.039	0.6558	0.979277419354839	0.1955	0.0241	0.17486511627907	0.2054
hsa-miR-4327-3p:Novel	0.0917	0.2938	0.965177777777778	0.0621	0.4775	0.911877777777778	0.1397
hsa-miR-4418	-0.0784	0.3695	0.976612290502793	0.2061	0.0173	0.145881081081081	0.2305
hsa-miR-4431	0.1313	0.1319	0.8436	0.1632	0.0605	0.363422222222222	0.1901
hsa-miR-4437	-0.1499	0.0851	0.8436	-0.0886	0.3105	0.854234482758621	0.1372
hsa-miR-4441	-0.0038	0.9653	0.9964	-0.0445	0.6112	0.911877777777778	0.1166
hsa-miR-4449	0.0239	0.7846	0.979277419354839	0.3822	0	0	0.3622
hsa-miR-4451-5p:Novel	0.0255	0.7709	0.979277419354839	0.0061	0.9444	0.985219801980198	0.1616
hsa-miR-4453-3p:Novel	-0.1942	0.0251	0.758295652173913	-0.0188	0.83	0.970226865671642	0.1733
hsa-miR-4466-3p:Novel	-0.0095	0.9137	0.995908333333333	0.2471	0.0041	0.0504	0.2481
hsa-miR-4472	0.0229	0.7935	0.979277419354839	0.0603	0.4903	0.911877777777778	0.1572
hsa-miR-4487	0.0146	0.8673	0.979277419354839	-0.0487	0.578	0.911877777777778	0.1145
hsa-miR-4488-3p:Novel	0.0661	0.4498	0.976612290502793	0.4386	0	0	0.4297
hsa-miR-4489	-0.0365	0.6768	0.979277419354839	-0.0655	0.454	0.911877777777778	0.1562
hsa-miR-4492-5p:Novel	0.0513	0.5574	0.976612290502793	0.1617	0.0629	0.363422222222222	0.222
hsa-miR-4494	0.0054	0.9504	0.9964	-0.0429	0.6243	0.911877777777778	0.1055
hsa-miR-4497	-0.042	0.6313	0.979277419354839	0.2132	0.0137	0.128365714285714	0.2199
hsa-miR-4497-3p:Novel	0.0702	0.4217	0.976612290502793	0.1742	0.0449	0.298059574468085	0.2382
hsa-miR-4505	-0.0254	0.772	0.979277419354839	-0.0624	0.4756	0.911877777777778	0.1015
hsa-miR-4508-3p:Novel	0.068	0.437	0.976612290502793	0.2118	0.0144	0.128365714285714	0.336
hsa-miR-4513-3p:Novel	-0.0433	0.6207	0.979277419354839	-0.053	0.5448	0.911877777777778	0.1363
hsa-miR-4516-3p:Novel	0.1266	0.1464	0.845185714285714	0.2584	0.0027	0.04212	0.3214
hsa-miR-4520-3p	-0.0265	0.7616	0.979277419354839	0.0772	0.3769	0.911877777777778	0.1938
hsa-miR-4528-5p:Novel	-0.0653	0.4549	0.976612290502793	-0.0926	0.2891	0.854234482758621	0.1277
hsa-miR-4534	0.0687	0.4321	0.976612290502793	-0.0252	0.7738	0.952459842519685	0.1515
hsa-miR-4632-5p	-0.1671	0.0546	0.758295652173913	0.2122	0.0142	0.128365714285714	0.257
hsa-miR-4634	0.0802	0.3585	0.976612290502793	0.2136	0.0136	0.128365714285714	0.2364
hsa-miR-4654	0.0555	0.5259	0.976612290502793	0.0135	0.8774	0.98507615658363	0.1864
hsa-miR-4655-5p	-0.0788	0.3675	0.976612290502793	6e-04	0.9944	0.997597427652733	0.1138
hsa-miR-4674	-0.0231	0.7917	0.979277419354839	0.0599	0.4931	0.911877777777778	0.2056
hsa-miR-4674-5p:Novel	-0.1015	0.2449	0.955006896551724	-0.0971	0.2662	0.84749387755102	0.1633
hsa-miR-4675	0.0569	0.5155	0.976612290502793	-0.0423	0.6289	0.911877777777778	0.1294
hsa-miR-4682-3p:Novel	0.0284	0.7459	0.979277419354839	0.1979	0.0224	0.170458536585366	0.21
hsa-miR-4683	-0.1433	0.0997	0.8436	-0.0285	0.7443	0.935257142857143	0.1495
hsa-miR-4693-3p	-0.1467	0.0919	0.8436	0.0102	0.9075	0.985219801980198	0.2
hsa-miR-4695-5p	-0.0404	0.6441	0.979277419354839	-0.0295	0.7363	0.935257142857143	0.1192
hsa-miR-4698	-0.2277	0.0084	0.758295652173913	-0.0646	0.4599	0.911877777777778	0.175
hsa-miR-4700-5p	-0.0274	0.7541	0.979277419354839	-0.062	0.4785	0.911877777777778	0.1054
hsa-miR-4713-3p	0.0195	0.824	0.979277419354839	-0.0648	0.459	0.911877777777778	0.1294
hsa-miR-4725-5p	0.0326	0.7092	0.979277419354839	-0.0915	0.2951	0.854234482758621	0.1561
hsa-miR-4739-3p:Novel	-0.0142	0.8711	0.979277419354839	-0.0338	0.6992	0.935257142857143	0.11
hsa-miR-4754-3p:Novel	-0.0453	0.6048	0.979277419354839	0.1393	0.1098	0.52704	0.2373
hsa-miR-4758-5p	0.0112	0.898	0.992997879858657	-0.0585	0.5038	0.911877777777778	0.1372
hsa-miR-4767	-0.173	0.0465	0.758295652173913	0.0577	0.5096	0.911877777777778	0.1745
hsa-miR-4787-5p	-0.1739	0.0453	0.758295652173913	0.1254	0.1503	0.679617391304348	0.2293
hsa-miR-484-3p:Novel	-0.0515	0.5558	0.976612290502793	0.1532	0.0783	0.400996721311475	0.1716
hsa-miR-5001-5p	-0.0522	0.5508	0.976612290502793	0.0424	0.6278	0.911877777777778	0.1422
hsa-miR-5006-5p	-0.0591	0.4996	0.976612290502793	-0.0756	0.387	0.911877777777778	0.1433
hsa-miR-501-3p	0.0305	0.7274	0.979277419354839	-0.0303	0.7295	0.935257142857143	0.1203
hsa-miR-504-5p	0.1094	0.2098	0.936891428571429	-0.0567	0.5171	0.911877777777778	0.128
hsa-miR-5091	-0.0664	0.4477	0.976612290502793	-0.0459	0.5999	0.911877777777778	0.1441
hsa-miR-5091-3p:Novel	-0.0024	0.978	0.9964	-0.0202	0.8171	0.9672	0.1528
hsa-miR-5100	-0.0732	0.4023	0.976612290502793	0.1678	0.0536	0.341289795918367	0.267
hsa-miR-5189-3p	-0.1294	0.1375	0.8436	0.113	0.1954	0.76630243902439	0.1718
hsa-miR-5191	-0.1006	0.2492	0.955006896551724	0.0184	0.8334	0.970226865671642	0.1942
hsa-miR-5193	-0.094	0.2817	0.965177777777778	-0.0485	0.5792	0.911877777777778	0.1381
hsa-miR-5193-5p:Novel	-0.1707	0.0494	0.758295652173913	-0.1138	0.1921	0.76630243902439	0.1574
hsa-miR-548aa, hsa-miR-548t-3p	0.1342	0.1234	0.8436	0.1991	0.0216	0.170458536585366	0.2283
hsa-miR-548d-5p	0.1677	0.0537	0.758295652173913	0.2176	0.0119	0.119767741935484	0.2509
hsa-miR-548i	0.0972	0.2655	0.955006896551724	-0.0059	0.9459	0.985219801980198	0.1433
hsa-miR-550a-3-5p	-0.0375	0.6685	0.979277419354839	-0.0424	0.628	0.911877777777778	0.1096
hsa-miR-550a-3p	-0.0404	0.6443	0.979277419354839	-0.0545	0.5332	0.911877777777778	0.1217
hsa-miR-550b-3p	0.0015	0.9862	0.9964	-0.0603	0.4906	0.911877777777778	0.1112
hsa-miR-551a	0.1403	0.1072	0.8436	0.0557	0.5239	0.911877777777778	0.1463
hsa-miR-5691-3p:Novel	0.0035	0.9677	0.9964	-0.038	0.6638	0.922410666666667	0.1157
hsa-miR-5698	-0.0658	0.4517	0.976612290502793	-0.1148	0.1881	0.76630243902439	0.1602
hsa-miR-5706-3p:Novel	0.0463	0.5968	0.979277419354839	0.0638	0.4656	0.911877777777778	0.137
hsa-miR-572	-0.0893	0.3067	0.965177777777778	-0.049	0.5753	0.911877777777778	0.1475
hsa-miR-584-5p	0.1095	0.2097	0.936891428571429	0.0765	0.3817	0.911877777777778	0.1513
hsa-miR-595-5p:Novel	0.0209	0.811	0.979277419354839	-0.0516	0.5555	0.911877777777778	0.1075
hsa-miR-598-5p	-0.1285	0.1406	0.8436	-0.0047	0.9568	0.985219801980198	0.1903
hsa-miR-599	-0.0189	0.8289	0.979277419354839	0.0659	0.4509	0.911877777777778	0.1273
hsa-miR-6068-3p:Novel	0.0844	0.3341	0.965177777777778	0.0086	0.9217	0.985219801980198	0.1337
hsa-miR-6069-3p:Novel	0.0448	0.6087	0.979277419354839	0.0667	0.4457	0.911877777777778	0.1509
hsa-miR-607	0.0118	0.8927	0.991182918149466	0.0081	0.9259	0.985219801980198	0.1478
hsa-miR-607-5p:Novel	0.0028	0.9744	0.9964	-0.0662	0.4489	0.911877777777778	0.1398
hsa-miR-6070-3p:Novel	-0.1679	0.0534	0.758295652173913	0.0755	0.388	0.911877777777778	0.1967
hsa-miR-6071	-0.0902	0.3016	0.965177777777778	-0.0379	0.6652	0.922410666666667	0.1163
hsa-miR-6075	-0.0497	0.5703	0.979277419354839	-0.0757	0.3865	0.911877777777778	0.1223
hsa-miR-608-3p:Novel	0.0248	0.7765	0.979277419354839	0.2061	0.0173	0.145881081081081	0.2009
hsa-miR-6081	0.0288	0.7421	0.979277419354839	0.0619	0.4791	0.911877777777778	0.1323
hsa-miR-6083	0.0271	0.7566	0.979277419354839	-0.0273	0.7554	0.935257142857143	0.1298
hsa-miR-6084-5p:Novel	-0.1469	0.0915	0.8436	-0.0568	0.5159	0.911877777777778	0.1665
hsa-miR-6085	0.0373	0.6697	0.979277419354839	0.0444	0.612	0.911877777777778	0.1834
hsa-miR-6089	0.0336	0.701	0.979277419354839	0.2525	0.0034	0.0494	0.2259
hsa-miR-6124-3p:Novel	0.0379	0.665	0.979277419354839	0.1126	0.1967	0.76630243902439	0.1777
hsa-miR-6125	0.1141	0.191	0.9168	0.0206	0.8139	0.9672	0.1834
hsa-miR-6125-5p:Novel	0.0032	0.9705	0.9964	0.1343	0.1233	0.574173134328358	0.1816
hsa-miR-6126-3p:Novel	-0.1144	0.19	0.9168	-0.0036	0.9675	0.988713725490196	0.1806
hsa-miR-6127	-0.0561	0.5215	0.976612290502793	0.2503	0.0037	0.0494	0.2558
hsa-miR-6127-3p:Novel	-0.0554	0.5263	0.976612290502793	0.2204	0.0108	0.11232	0.2352
hsa-miR-6130	-0.0234	0.7894	0.979277419354839	-0.0553	0.5272	0.911877777777778	0.1251
hsa-miR-6131	0.0981	0.2612	0.955006896551724	0.022	0.8016	0.965633976833977	0.1212
hsa-miR-6131-5p:Novel	-0.0067	0.9389	0.9964	-0.0438	0.6167	0.911877777777778	0.1315
hsa-miR-6165-3p:Novel	0.0379	0.6646	0.979277419354839	-0.0048	0.9564	0.985219801980198	0.1275
hsa-miR-617-3p:Novel	0.115	0.1874	0.9168	0.0233	0.7902	0.957404651162791	0.1454
hsa-miR-622	-0.1824	0.0356	0.758295652173913	-0.0635	0.4679	0.911877777777778	0.1226
hsa-miR-636	0.0743	0.3956	0.976612290502793	0.4246	0	0	0.3902
hsa-miR-638	-0.063	0.4711	0.976612290502793	-0.0534	0.5414	0.911877777777778	0.1304
hsa-miR-638-3p:Novel	-0.0961	0.271	0.960818181818182	0.1139	0.1917	0.76630243902439	0.2385
hsa-miR-639	-0.0013	0.9883	0.9964	0.247	0.0042	0.0504	0.3158
hsa-miR-641-3p:Novel	0.0245	0.7793	0.979277419354839	0.298	5e-04	0.012	0.284
hsa-miR-645	-0.1411	0.1053	0.8436	-0.051	0.5601	0.911877777777778	0.1127
hsa-miR-646	-0.1739	0.0453	0.758295652173913	-0.0067	0.9392	0.985219801980198	0.1303
hsa-miR-647-3p:Novel	-0.0219	0.8027	0.979277419354839	-0.0295	0.736	0.935257142857143	0.1353
hsa-miR-650	-0.003	0.9726	0.9964	0.0291	0.7393	0.935257142857143	0.166
hsa-miR-6509-5p	0.0399	0.6485	0.979277419354839	-0.0131	0.8815	0.98507615658363	0.1108
hsa-miR-6511a-3p	-0.1299	0.1361	0.8436	-0.0535	0.5412	0.911877777777778	0.1217
hsa-miR-655-5p	-0.0013	0.9882	0.9964	0.1133	0.1943	0.76630243902439	0.1511
hsa-miR-657-5p:Novel	0.056	0.5219	0.976612290502793	0.0554	0.5265	0.911877777777778	0.1472
hsa-miR-663a-3p:Novel	0.1669	0.0548	0.758295652173913	0.0241	0.7834	0.9555	0.1639
hsa-miR-6717-3p:Novel	-0.0419	0.632	0.979277419354839	-0.0619	0.4788	0.911877777777778	0.1106
hsa-miR-6717-5p	-0.0928	0.2881	0.965177777777778	-0.0662	0.4487	0.911877777777778	0.1149
hsa-miR-6721-3p:Novel	-0.0419	0.6321	0.979277419354839	-0.0401	0.6466	0.919549090909091	0.1166
hsa-miR-6724-3p:Novel	-0.0349	0.6904	0.979277419354839	0.014	0.8734	0.98507615658363	0.1549
hsa-miR-6724-5p	-0.0357	0.6832	0.979277419354839	-0.0475	0.5871	0.911877777777778	0.1408
hsa-miR-6728-5p	-0.2003	0.0208	0.758295652173913	-0.0659	0.4512	0.911877777777778	0.171
hsa-miR-6731-5p	0.1018	0.2434	0.955006896551724	0.0296	0.7355	0.935257142857143	0.1357
hsa-miR-6738-5p	-0.0167	0.8491	0.979277419354839	-0.0892	0.3073	0.854234482758621	0.1724
hsa-miR-6745-5p:Novel	0.0527	0.5471	0.976612290502793	0.2649	0.0021	0.0361263157894737	0.2672
hsa-miR-6756-5p	0.0019	0.983	0.9964	0.1314	0.1317	0.604270588235294	0.2181
hsa-miR-6757-5p	0.108	0.216	0.940992	-0.0565	0.518	0.911877777777778	0.11
hsa-miR-6760-5p	-0.0415	0.6356	0.979277419354839	0.042	0.6313	0.911877777777778	0.1446
hsa-miR-6768-5p	-0.1376	0.1144	0.8436	-0.0124	0.8872	0.98507615658363	0.1634
hsa-miR-6772-5p	-0.0647	0.4593	0.976612290502793	-0.0571	0.5137	0.911877777777778	0.1031
hsa-miR-6773-5p	0.053	0.5449	0.976612290502793	-0.0127	0.8847	0.98507615658363	0.1265
hsa-miR-6777-5p	0.0417	0.6334	0.979277419354839	-0.0358	0.6821	0.9334	0.1424
hsa-miR-6778-5p	-0.1076	0.2175	0.940992	-0.0291	0.7395	0.935257142857143	0.1593
hsa-miR-6787-5p	0.0665	0.4471	0.976612290502793	0.1535	0.0778	0.400996721311475	0.1845
hsa-miR-6788-3p	-0.017	0.8457	0.979277419354839	-0.0387	0.6586	0.922410666666667	0.1301
hsa-miR-6790-5p	-0.1238	0.1557	0.852252631578947	-0.0919	0.2928	0.854234482758621	0.16
hsa-miR-6802-5p	0.0233	0.7904	0.979277419354839	0.1069	0.2207	0.773689887640449	0.1886
hsa-miR-6805-5p	0.014	0.8733	0.979277419354839	-0.0426	0.6264	0.911877777777778	0.1019
hsa-miR-6838-5p	-0.0141	0.8723	0.979277419354839	-0.146	0.0936	0.463542857142857	0.1729
hsa-miR-6849-5p	-0.0937	0.2836	0.965177777777778	-0.0639	0.4651	0.911877777777778	0.1233
hsa-miR-6867-5p	-0.0183	0.8343	0.979277419354839	0.0085	0.9224	0.985219801980198	0.1476
hsa-miR-6869-5p	-0.0014	0.9875	0.9964	-0.1045	0.2313	0.784408695652174	0.1285
hsa-miR-6871-5p	0.1817	0.0363	0.758295652173913	0.0578	0.509	0.911877777777778	0.1974
hsa-miR-6879-5p	0.0598	0.4943	0.976612290502793	0.0743	0.3955	0.911877777777778	0.1558
hsa-miR-6895-3p	0.1111	0.2029	0.936891428571429	0.0482	0.5813	0.911877777777778	0.128
hsa-miR-7108-5p	0.0089	0.9189	0.995908333333333	0.325	1e-04	0.0026	0.349
hsa-miR-711	-0.015	0.8642	0.979277419354839	0.0459	0.6	0.911877777777778	0.1355
hsa-miR-7113-5p	-0.2556	0.003	0.758295652173913	-0.0557	0.5239	0.911877777777778	0.1014
hsa-miR-7161-3p	-0.0066	0.9403	0.9964	0.1103	0.2064	0.772381395348837	0.1787
hsa-miR-718	-0.1429	0.1009	0.8436	-0.0829	0.3428	0.876668852459016	0.1593
hsa-miR-7515-5p:Novel	0.0521	0.5515	0.976612290502793	-0.0073	0.9333	0.985219801980198	0.1606
hsa-miR-760	-0.0816	0.3507	0.976612290502793	0.0769	0.3791	0.911877777777778	0.1766
hsa-miR-765-5p:Novel	-0.0599	0.4933	0.976612290502793	0.0574	0.5117	0.911877777777778	0.1689
hsa-miR-7704-3p:Novel	-0.0151	0.8635	0.979277419354839	0.1212	0.1646	0.723312676056338	0.2214
hsa-miR-7845-3p:Novel	-0.01	0.9087	0.995908333333333	0.0915	0.2948	0.854234482758621	0.1676
hsa-miR-7851-5p:Novel	0.0482	0.5813	0.979277419354839	-0.0367	0.6748	0.927478414096916	0.1467
hsa-miR-8057-3p:Novel	-0.0821	0.3474	0.976612290502793	-0.0572	0.5129	0.911877777777778	0.1279
hsa-miR-8072	0.0769	0.3788	0.976612290502793	0.3851	0	0	0.3516
hsa-miR-8072-3p:Novel	-0.104	0.2337	0.955006896551724	0.2518	0.0035	0.0494	0.2599
hsa-miR-8079-3p:Novel	0.0167	0.8485	0.979277419354839	-0.0883	0.3123	0.854234482758621	0.1414
hsa-miR-8080	-0.1529	0.0789	0.8436	-0.0534	0.5417	0.911877777777778	0.1309
hsa-miR-8083-3p:Novel	-0.1306	0.1341	0.8436	0.2387	0.0057	0.0646285714285714	0.2457
hsa-miR-922	0.0555	0.5255	0.976612290502793	0.1183	0.175	0.758333333333333	0.1659
hsa-miR-922-5p:Novel	-0.0974	0.2645	0.955006896551724	-0.107	0.2202	0.773689887640449	0.1447
hsa-miR-92a-3p	-0.1418	0.1035	0.8436	-0.0919	0.2928	0.854234482758621	0.153
hsa-miR-92b-5p	-0.1274	0.1439	0.845185714285714	0.0295	0.7358	0.935257142857143	0.1709
hsa-miR-935	0.0275	0.7535	0.979277419354839	0.2638	0.0022	0.0361263157894737	0.248
hsa-miR-935-5p:Novel	-0.0275	0.7536	0.979277419354839	0.1573	0.0705	0.379241379310345	0.2841
hsa-miR-940	0.1257	0.1494	0.845185714285714	-0.0399	0.6484	0.919549090909091	0.1384
hsa-miR-943-5p:Novel	0.0518	0.5536	0.976612290502793	0.0309	0.7244	0.935257142857143	0.1217
hsa-miR-944-5p:Novel	-0.0051	0.9538	0.9964	-0.0323	0.7122	0.935257142857143	0.1262
hsa-miR-9901	-0.0825	0.3451	0.976612290502793	0.0809	0.3545	0.899219512195122	0.2208
hsa-miR-9901-3p:Novel	-0.0609	0.4863	0.976612290502793	0.1988	0.0218	0.170458536585366	0.2107
