miRNA	SC	SC.p	SC.fdr	PC	PC.p	PC.fdr	DC
hsa-let-7a-3p	0.028	0.7832	0.895085714285714	-0.0758	0.456	0.806835233160622	0.1156
hsa-let-7b-5p	-0.0668	0.5112	0.78615	-0.0739	0.4673	0.806835233160622	0.118
hsa-miR-10392-5p	0.1063	0.295	0.66695652173913	0.068	0.5037	0.810074226804124	0.2008
hsa-miR-10397-3p	-0.1129	0.266	0.636763636363636	-0.1493	0.1403	0.786021052631579	0.1733
hsa-miR-10400-5p	0.2013	0.0457	0.259243636363636	0.0585	0.5652	0.839442654028436	0.2149
hsa-miR-10401-5p	-0.0946	0.3517	0.684281481481481	-0.0447	0.6607	0.925786547085202	0.1348
hsa-miR-11399-3p:Novel	-0.0557	0.5842	0.816776170212766	-0.0815	0.4224	0.806835233160622	0.1887
hsa-miR-1181-3p:Novel	-0.1202	0.236	0.598838709677419	-0.0981	0.3341	0.806835233160622	0.1807
hsa-miR-1184	0.0524	0.6066	0.816776170212766	0.0181	0.8589	0.984941176470588	0.1372
hsa-miR-1202	-0.0658	0.5176	0.78615	0.0768	0.4498	0.806835233160622	0.1755
hsa-miR-1202-3p:Novel	0.0473	0.6418	0.839203278688525	-0.01	0.9221	0.984941176470588	0.1282
hsa-miR-1203	0.0015	0.9884	0.9907	-0.0883	0.3849	0.806835233160622	0.1609
hsa-miR-12118-3p:Novel	-0.0605	0.5521	0.801186976744186	-0.0647	0.5245	0.822331658291457	0.1326
hsa-miR-12120-3p:Novel	-0.0607	0.5504	0.801186976744186	-0.0218	0.8306	0.984941176470588	0.1354
hsa-miR-12121	0.0558	0.5831	0.816776170212766	0.1229	0.2257	0.806835233160622	0.1864
hsa-miR-12123	0.0472	0.643	0.839203278688525	0.037	0.7162	0.945873417721519	0.1666
hsa-miR-12126-5p:Novel	-0.2164	0.0314	0.20475	-0.1332	0.1886	0.806835233160622	0.191
hsa-miR-12127	-0.1265	0.2123	0.57531724137931	-0.0782	0.4415	0.806835233160622	0.1281
hsa-miR-12136	0.0599	0.556	0.803111111111111	0.0605	0.5522	0.839442654028436	0.147
hsa-miR-12136-3p:Novel	0.0691	0.4969	0.78615	-0.0759	0.4551	0.806835233160622	0.1495
hsa-miR-1229-5p	0.0648	0.5241	0.78615	0.1019	0.3156	0.806835233160622	0.2
hsa-miR-1231	-0.0825	0.4168	0.711665217391304	-0.1106	0.2759	0.806835233160622	0.1749
hsa-miR-1231-3p:Novel	0.0012	0.9907	0.9907	0.0367	0.7185	0.945873417721519	0.1428
hsa-miR-124-5p	0.008	0.9373	0.974792	-0.0143	0.8886	0.984941176470588	0.1226
hsa-miR-1246-3p:Novel	-0.0284	0.7803	0.895085714285714	0.0393	0.6992	0.936267811158798	0.1591
hsa-miR-1260a-3p:Novel	-0.1668	0.099	0.401548051948052	-0.0712	0.4839	0.806835233160622	0.1847
hsa-miR-1260b	-0.226	0.0245	0.188721951219512	-0.1364	0.1783	0.806835233160622	0.2455
hsa-miR-1267-3p:Novel	0.2439	0.015	0.169764705882353	0.0954	0.3478	0.806835233160622	0.2316
hsa-miR-1272	-0.1506	0.1367	0.464269565217391	-0.1164	0.2511	0.806835233160622	0.2495
hsa-miR-1272-3p:Novel	0.083	0.4141	0.711665217391304	0.1506	0.1367	0.786021052631579	0.2066
hsa-miR-1275-3p:Novel	0.0593	0.5596	0.804586175115207	0.0404	0.6913	0.936267811158798	0.1642
hsa-miR-128-3p	-0.0029	0.9777	0.987394174757282	0.0617	0.5441	0.836252216748768	0.1825
hsa-miR-1284	-0.1626	0.1077	0.418311111111111	-0.1037	0.307	0.806835233160622	0.1853
hsa-miR-1285-3p	0.0369	0.7171	0.87420700389105	-0.0758	0.4559	0.806835233160622	0.147
hsa-miR-1287-5p	-0.0038	0.9698	0.987394174757282	0.0178	0.861	0.984941176470588	0.1395
hsa-miR-1288-5p	-0.1162	0.2521	0.619332283464567	-0.0819	0.4204	0.806835233160622	0.1539
hsa-miR-1290-5p:Novel	0.0874	0.3898	0.702991907514451	0.1169	0.2493	0.806835233160622	0.2411
hsa-miR-1291-3p:Novel	-0.266	0.0078	0.15288	-0.1525	0.1318	0.786021052631579	0.2618
hsa-miR-1293	-0.1668	0.099	0.401548051948052	-0.0824	0.4174	0.806835233160622	0.1853
hsa-miR-1302	-0.1392	0.1693	0.523130097087379	-0.1581	0.1181	0.786021052631579	0.2012
hsa-miR-1306-3p	-0.0876	0.3887	0.702991907514451	-0.0893	0.3795	0.806835233160622	0.1333
hsa-miR-1307-3p	0.0028	0.9779	0.987394174757282	-0.0099	0.9223	0.984941176470588	0.151
hsa-miR-1324	0.0613	0.5468	0.800946478873239	0.1055	0.2989	0.806835233160622	0.1821
hsa-miR-137-3p	0.2778	0.0054	0.1296	0.072	0.4789	0.806835233160622	0.2055
hsa-miR-143-3p	0.0519	0.6097	0.816776170212766	-0.0778	0.4442	0.806835233160622	0.1445
hsa-miR-1469-3p:Novel	-0.2174	0.0306	0.20475	-0.1387	0.1711	0.806835233160622	0.2068
hsa-miR-148a-3p	-0.083	0.4141	0.711665217391304	-0.0783	0.441	0.806835233160622	0.1273
hsa-miR-149-3p	0.0919	0.3654	0.690938181818182	0.0065	0.9493	0.984941176470588	0.1557
hsa-miR-151a-3p	-0.0298	0.7696	0.895085714285714	-0.0793	0.4354	0.806835233160622	0.1312
hsa-miR-181b-5p	-0.1576	0.1194	0.438268235294118	-0.0793	0.4351	0.806835233160622	0.2062
hsa-miR-181c-3p	0.0365	0.7201	0.87420700389105	-0.0233	0.8189	0.98268	0.1183
hsa-miR-182-5p	-0.1569	0.121	0.438976744186046	-0.1248	0.2183	0.806835233160622	0.202
hsa-miR-192-5p	-0.1011	0.3196	0.672533333333333	-0.0851	0.4023	0.806835233160622	0.1223
hsa-miR-194-1-3p:Novel	-0.17	0.0925	0.395342465753425	-0.1182	0.244	0.806835233160622	0.197
hsa-miR-194-3p	-0.0653	0.5206	0.78615	-0.0904	0.3738	0.806835233160622	0.1337
hsa-miR-194-5p	-0.1029	0.311	0.671983448275862	-0.0481	0.6363	0.906509589041096	0.2032
hsa-miR-197-5p	0.0272	0.7889	0.898309489051095	0.0053	0.9585	0.984941176470588	0.1694
hsa-miR-199a-3p, hsa-miR-199b-3p	0.0511	0.6152	0.816776170212766	0.0287	0.7783	0.97936062992126	0.1564
hsa-miR-200a-3p	-0.1824	0.0707	0.324388235294118	-0.0129	0.8989	0.984941176470588	0.153
hsa-miR-200b-3p	0.0313	0.7586	0.895085714285714	-0.0803	0.4296	0.806835233160622	0.1183
hsa-miR-200c-3p	-0.0533	0.6004	0.816776170212766	-0.0796	0.4335	0.806835233160622	0.1199
hsa-miR-21-5p	-0.125	0.2178	0.575757983193277	-0.0855	0.3999	0.806835233160622	0.1264
hsa-miR-2110	0.0862	0.396	0.706011428571429	-0.0092	0.9278	0.984941176470588	0.1795
hsa-miR-2110-3p:Novel	0.2588	0.0097	0.15288	0.0776	0.4451	0.806835233160622	0.2475
hsa-miR-2114-5p	0.0882	0.3855	0.702991907514451	0.0631	0.5351	0.832155223880597	0.1513
hsa-miR-219a-5p	0.1537	0.1288	0.455730337078652	0.0876	0.3885	0.806835233160622	0.2075
hsa-miR-2278-3p:Novel	-0.1074	0.2902	0.660893430656934	-0.1167	0.2498	0.806835233160622	0.1751
hsa-miR-2681-3p	-0.0217	0.8315	0.905883333333333	-0.0732	0.4717	0.806835233160622	0.1308
hsa-miR-2861	-0.2364	0.0185	0.169764705882353	-0.1202	0.2359	0.806835233160622	0.266
hsa-miR-2861-5p:Novel	0.151	0.1358	0.464269565217391	0.0999	0.325	0.806835233160622	0.1918
hsa-miR-300	0.1561	0.1228	0.440386206896552	0.1821	0.0712	0.721270588235294	0.2527
hsa-miR-3064-5p	0.0089	0.9307	0.971165217391304	0.0234	0.8181	0.98268	0.1806
hsa-miR-3125	0.1322	0.1921	0.548269090909091	0.0455	0.6547	0.924282352941176	0.1979
hsa-miR-3127-5p	0.1623	0.1086	0.418311111111111	0.088	0.3863	0.806835233160622	0.2047
hsa-miR-3136-5p	0.0219	0.83	0.905883333333333	0.2594	0.0095	0.494	0.2441
hsa-miR-3137	-0.307	0.002	0.0624	-0.2321	0.0208	0.721066666666667	0.3267
hsa-miR-3137-3p:Novel	-0.3188	0.0013	0.0450666666666667	-0.2014	0.0456	0.721270588235294	0.2611
hsa-miR-3138-5p:Novel	0.1583	0.1176	0.4368	0.173	0.0868	0.752266666666667	0.2501
hsa-miR-3141-3p:Novel	-0.0998	0.3258	0.672533333333333	-0.1791	0.0761	0.721270588235294	0.2213
hsa-miR-3154	0.029	0.7756	0.895085714285714	0.0656	0.5188	0.822331658291457	0.1492
hsa-miR-3154-5p:Novel	0.0297	0.7704	0.895085714285714	-0.0068	0.9465	0.984941176470588	0.1293
hsa-miR-3155a	-0.1386	0.1712	0.523130097087379	-0.1003	0.3233	0.806835233160622	0.196
hsa-miR-3155b	-0.0347	0.7329	0.88236	-0.0717	0.481	0.806835233160622	0.1444
hsa-miR-3156-3p	0.1245	0.2196	0.575757983193277	0.104	0.3054	0.806835233160622	0.1767
hsa-miR-3160-3p	-0.0111	0.913	0.958928859060403	-0.0481	0.6362	0.906509589041096	0.1799
hsa-miR-3168-3p:Novel	-0.2221	0.0272	0.197358139534884	-0.1636	0.1057	0.786021052631579	0.2489
hsa-miR-3169	-0.0365	0.7199	0.87420700389105	0.1054	0.299	0.806835233160622	0.1833
hsa-miR-3170	0.2448	0.0146	0.169764705882353	0.0906	0.3725	0.806835233160622	0.2742
hsa-miR-3176-5p:Novel	-0.136	0.1794	0.533074285714286	-0.1159	0.2534	0.806835233160622	0.1816
hsa-miR-3180	0.074	0.4665	0.754134715025907	-0.0728	0.4741	0.806835233160622	0.1334
hsa-miR-3180-3p	0.0992	0.3287	0.672533333333333	0.0076	0.9403	0.984941176470588	0.17
hsa-miR-3180-4-3p:Novel, hsa-miR-3180-5-3p:Novel	-0.0654	0.5203	0.78615	0.0158	0.8763	0.984941176470588	0.1608
hsa-miR-3180-5p	-0.0239	0.8145	0.905883333333333	-0.0124	0.9029	0.984941176470588	0.1953
hsa-miR-3190-3p	-0.0941	0.3543	0.684281481481481	-0.1186	0.2423	0.806835233160622	0.2004
hsa-miR-3195	0.0454	0.6553	0.839203278688525	-0.0059	0.954	0.984941176470588	0.1593
hsa-miR-320a-3p	-0.0876	0.3888	0.702991907514451	-0.0956	0.3468	0.806835233160622	0.1535
hsa-miR-320c	-0.0939	0.3553	0.684281481481481	-0.1103	0.2771	0.806835233160622	0.157
hsa-miR-320d-1-5p:Novel	-0.0048	0.9622	0.984283278688525	-0.0417	0.682	0.936267811158798	0.1157
hsa-miR-320e-5p:Novel	-0.0306	0.7637	0.895085714285714	-0.0492	0.6287	0.90393732718894	0.1515
hsa-miR-323a-5p	-0.126	0.2139	0.57531724137931	-0.1647	0.1033	0.786021052631579	0.2137
hsa-miR-3619-3p	-0.3449	5e-04	0.0312	-0.1559	0.1233	0.786021052631579	0.3283
hsa-miR-3621-3p:Novel	-0.148	0.1436	0.476629787234043	-0.0837	0.4099	0.806835233160622	0.1843
hsa-miR-3622a-5p	-0.1113	0.2728	0.639951879699248	-0.0697	0.4932	0.806835233160622	0.1838
hsa-miR-3648	0.1994	0.0478	0.262736842105263	0.0109	0.915	0.984941176470588	0.2108
hsa-miR-3648-3p:Novel	0.0618	0.5436	0.800946478873239	-0.0855	0.4003	0.806835233160622	0.1481
hsa-miR-3652-3p:Novel	-0.0524	0.6066	0.816776170212766	-0.0903	0.3738	0.806835233160622	0.1412
hsa-miR-3665-3p:Novel	0.2363	0.0185	0.169764705882353	0.0272	0.7895	0.97936062992126	0.2195
hsa-miR-3668-3p:Novel	0.0427	0.675	0.847036144578313	0.0204	0.8408	0.984941176470588	0.1414
hsa-miR-3689d-3p:Novel	-0.0545	0.5923	0.816776170212766	-0.0038	0.9703	0.986102931596091	0.1527
hsa-miR-3714-3p:Novel	-0.0836	0.4108	0.711665217391304	0.1103	0.2771	0.806835233160622	0.2198
hsa-miR-371a-3p	0.029	0.7756	0.895085714285714	0.1554	0.1246	0.786021052631579	0.2101
hsa-miR-371a-5p	-0.3991	0	0	-0.3238	0.0011	0.1144	0.4022
hsa-miR-378h	-0.2434	0.0152	0.169764705882353	-0.1382	0.1724	0.806835233160622	0.2278
hsa-miR-378i	-0.2374	0.018	0.169764705882353	-0.1614	0.1104	0.786021052631579	0.2342
hsa-miR-3907-5p:Novel	-0.1191	0.2402	0.5995392	-0.1403	0.1662	0.806835233160622	0.1921
hsa-miR-3911-3p:Novel	-0.2055	0.0412	0.252047058823529	-0.1895	0.0603	0.721270588235294	0.2245
hsa-miR-3916-3p:Novel	0.1036	0.3076	0.671983448275862	0.464	0	0	0.3097
hsa-miR-3920	-0.2498	0.0126	0.169764705882353	-0.2013	0.0457	0.721270588235294	0.2319
hsa-miR-3935	0.0389	0.7019	0.869019047619048	-0.0105	0.9176	0.984941176470588	0.1605
hsa-miR-3960	0.0614	0.5461	0.800946478873239	0.0445	0.6617	0.925786547085202	0.1786
hsa-miR-3960-5p:Novel	0.1888	0.0612	0.29835	0.0263	0.7958	0.97936062992126	0.1963
hsa-miR-3972	0.0532	0.6008	0.816776170212766	-0.0901	0.3752	0.806835233160622	0.14
hsa-miR-3976	-0.2037	0.0431	0.253644444444444	-0.2331	0.0202	0.721066666666667	0.2716
hsa-miR-422a	-0.2164	0.0315	0.20475	-0.08	0.4309	0.806835233160622	0.1954
hsa-miR-425-3p	-0.3579	3e-04	0.0234	-0.2621	0.0088	0.494	0.348
hsa-miR-4254	0.0838	0.4094	0.711665217391304	0.013	0.8987	0.984941176470588	0.1708
hsa-miR-4254-5p:Novel	-0.082	0.4197	0.711665217391304	-0.0625	0.5391	0.832669306930693	0.1749
hsa-miR-4258-3p:Novel	0.241	0.0163	0.169764705882353	0.1151	0.2566	0.806835233160622	0.246
hsa-miR-4259	-0.0344	0.7353	0.88236	-0.0516	0.6119	0.883855555555556	0.128
hsa-miR-4259-5p:Novel	-0.0108	0.9159	0.958928859060403	-0.0557	0.5837	0.859030188679245	0.1325
hsa-miR-4276-3p:Novel	-0.2398	0.0168	0.169764705882353	-0.1006	0.3219	0.806835233160622	0.2069
hsa-miR-4277	-0.259	0.0096	0.15288	-0.1871	0.0637	0.721270588235294	0.2739
hsa-miR-4281	-0.1506	0.1369	0.464269565217391	-0.0687	0.4991	0.806835233160622	0.2121
hsa-miR-4283	-0.1793	0.0758	0.334850704225352	-0.1787	0.0768	0.721270588235294	0.241
hsa-miR-4284-3p:Novel	-0.238	0.0177	0.169764705882353	-0.1838	0.0686	0.721270588235294	0.2635
hsa-miR-4286-3p:Novel	0.0137	0.893	0.947673469387755	-0.075	0.4605	0.806835233160622	0.159
hsa-miR-4290	-0.0874	0.3897	0.702991907514451	-0.111	0.2739	0.806835233160622	0.1449
hsa-miR-4306-5p:Novel	-0.0013	0.99	0.9907	0.0218	0.8305	0.984941176470588	0.143
hsa-miR-4309	0.0763	0.4531	0.740632460732984	0.084	0.4087	0.806835233160622	0.2256
hsa-miR-4309-3p:Novel	0.1004	0.3229	0.672533333333333	0.0585	0.5653	0.839442654028436	0.1957
hsa-miR-4311	0.0115	0.9099	0.958928859060403	0.018	0.8596	0.984941176470588	0.1373
hsa-miR-4313	-0.0056	0.9565	0.983723684210526	0.0846	0.405	0.806835233160622	0.1622
hsa-miR-4313-3p:Novel	-0.0675	0.5067	0.78615	-0.0816	0.4218	0.806835233160622	0.1603
hsa-miR-4326	-0.0975	0.337	0.674	-0.1292	0.2026	0.806835233160622	0.2257
hsa-miR-4326-5p:Novel	-0.0906	0.3724	0.699932530120482	0.104	0.3057	0.806835233160622	0.247
hsa-miR-4327-3p:Novel	-0.0762	0.4534	0.740632460732984	-0.0091	0.9286	0.984941176470588	0.1712
hsa-miR-4418	0.092	0.3652	0.690938181818182	-0.0069	0.9461	0.984941176470588	0.1403
hsa-miR-4431	0.044	0.6651	0.846984489795918	0.0048	0.9627	0.984941176470588	0.1289
hsa-miR-4437	0.3007	0.0025	0.0709090909090909	0.1375	0.1747	0.806835233160622	0.2814
hsa-miR-4441	-0.0996	0.3264	0.672533333333333	0.0817	0.4214	0.806835233160622	0.2348
hsa-miR-4449	0.1759	0.0815	0.353166666666667	0.1301	0.1992	0.806835233160622	0.2491
hsa-miR-4451-5p:Novel	0.1382	0.1724	0.523130097087379	0.2033	0.0436	0.721270588235294	0.2328
hsa-miR-4453-3p:Novel	0.0267	0.7932	0.899921454545455	-0.0058	0.9544	0.984941176470588	0.1915
hsa-miR-4466-3p:Novel	-0.1874	0.0632	0.30336	-0.1832	0.0695	0.721270588235294	0.2291
hsa-miR-4472	-0.1029	0.3107	0.671983448275862	-0.1356	0.1807	0.806835233160622	0.1611
hsa-miR-4487	-0.1026	0.3123	0.671983448275862	-0.1159	0.2535	0.806835233160622	0.2184
hsa-miR-4488-3p:Novel	0.2316	0.0211	0.177924324324324	0.0589	0.5623	0.839442654028436	0.2014
hsa-miR-4489	-0.0997	0.3262	0.672533333333333	-0.0776	0.4449	0.806835233160622	0.2016
hsa-miR-4492-5p:Novel	0.165	0.1027	0.4056	-0.0244	0.8107	0.98268	0.176
hsa-miR-4494	-0.2583	0.0098	0.15288	-0.165	0.1026	0.786021052631579	0.2455
hsa-miR-4497	-0.0213	0.8346	0.905883333333333	0.0376	0.7115	0.94516085106383	0.1964
hsa-miR-4497-3p:Novel	-0.0453	0.6563	0.839203278688525	-0.1092	0.2818	0.806835233160622	0.1648
hsa-miR-4505	0.1125	0.2675	0.636763636363636	0.0945	0.3519	0.806835233160622	0.1557
hsa-miR-4508-3p:Novel	0.3696	2e-04	0.0208	0.1962	0.0516	0.721270588235294	0.3202
hsa-miR-4513-3p:Novel	0.1141	0.2609	0.631013953488372	8e-04	0.9937	0.996895176848875	0.175
hsa-miR-4516-3p:Novel	0.2498	0.0126	0.169764705882353	0.1036	0.3074	0.806835233160622	0.2607
hsa-miR-4520-3p	-0.1144	0.2596	0.631013953488372	-0.0947	0.3512	0.806835233160622	0.1908
hsa-miR-4528-5p:Novel	0.0242	0.812	0.905883333333333	0.0652	0.5217	0.822331658291457	0.1424
hsa-miR-4534	0.0414	0.6839	0.850106772908366	-0.0629	0.5361	0.832155223880597	0.1683
hsa-miR-4632-5p	-0.0459	0.6521	0.839203278688525	-0.0071	0.944	0.984941176470588	0.1184
hsa-miR-4634	0.169	0.0944	0.398010810810811	0.0268	0.792	0.97936062992126	0.1767
hsa-miR-4654	0.1197	0.238	0.598838709677419	0.0906	0.3727	0.806835233160622	0.2434
hsa-miR-4655-5p	0.1085	0.2851	0.654052941176471	0.0429	0.6731	0.933365333333333	0.1509
hsa-miR-4674	-0.1451	0.1518	0.498543157894737	-0.1177	0.2459	0.806835233160622	0.1893
hsa-miR-4674-5p:Novel	-0.2365	0.0184	0.169764705882353	-0.0953	0.3482	0.806835233160622	0.2189
hsa-miR-4675	0.0244	0.8107	0.905883333333333	0.1552	0.125	0.786021052631579	0.2119
hsa-miR-4682-3p:Novel	-0.0515	0.6125	0.816776170212766	0.1377	0.174	0.806835233160622	0.2352
hsa-miR-4683	-0.0228	0.8228	0.905883333333333	0.0819	0.4203	0.806835233160622	0.1353
hsa-miR-4693-3p	0.0419	0.6804	0.8491392	0.0048	0.9623	0.984941176470588	0.147
hsa-miR-4695-5p	0.0148	0.8843	0.941643686006826	0.0261	0.7973	0.97936062992126	0.1136
hsa-miR-4698	0.1835	0.069	0.324388235294118	0.0749	0.4615	0.806835233160622	0.1633
hsa-miR-4700-5p	-0.095	0.3494	0.684281481481481	0.1587	0.1166	0.786021052631579	0.2287
hsa-miR-4713-3p	-0.1099	0.2787	0.648035555555555	-0.0994	0.3276	0.806835233160622	0.1429
hsa-miR-4725-5p	-0.1944	0.0539	0.275685245901639	-0.1481	0.1436	0.786021052631579	0.234
hsa-miR-4739-3p:Novel	-0.2199	0.0288	0.19968	-0.016	0.8751	0.984941176470588	0.2221
hsa-miR-4754-3p:Novel	-0.0767	0.4503	0.740632460732984	-0.1047	0.3023	0.806835233160622	0.1595
hsa-miR-4758-5p	0.0478	0.6386	0.839203278688525	0.0583	0.5668	0.839442654028436	0.1373
hsa-miR-4767	-0.2242	0.0257	0.190914285714286	-0.202	0.0449	0.721270588235294	0.2779
hsa-miR-4787-5p	0.1055	0.2989	0.670912230215827	0.0134	0.8953	0.984941176470588	0.1794
hsa-miR-484-3p:Novel	0.0839	0.4093	0.711665217391304	-0.0086	0.9328	0.984941176470588	0.1589
hsa-miR-5001-5p	-0.0283	0.7812	0.895085714285714	-0.0106	0.917	0.984941176470588	0.1417
hsa-miR-5006-5p	0.0459	0.6518	0.839203278688525	0.041	0.6872	0.936267811158798	0.1602
hsa-miR-501-3p	0.0176	0.8628	0.928253793103448	-0.1248	0.2183	0.806835233160622	0.2174
hsa-miR-504-5p	-0.2201	0.0286	0.19968	-0.2025	0.0444	0.721270588235294	0.3091
hsa-miR-5091	-0.0753	0.4586	0.745225	-0.0947	0.3512	0.806835233160622	0.1692
hsa-miR-5091-3p:Novel	-0.0157	0.8777	0.937816438356164	-0.0597	0.5574	0.839442654028436	0.1707
hsa-miR-5100	-0.0547	0.591	0.816776170212766	-0.0272	0.7892	0.97936062992126	0.136
hsa-miR-5189-3p	0.0225	0.8253	0.905883333333333	0.0397	0.6965	0.936267811158798	0.1553
hsa-miR-5191	0.1181	0.2442	0.604685714285714	0.1297	0.2008	0.806835233160622	0.185
hsa-miR-5193	-0.0521	0.6085	0.816776170212766	0.0693	0.4956	0.806835233160622	0.2109
hsa-miR-5193-5p:Novel	0.1371	0.176	0.528	0.2925	0.0033	0.2574	0.2884
hsa-miR-548aa, hsa-miR-548t-3p	-0.1993	0.048	0.262736842105263	-0.1855	0.0661	0.721270588235294	0.2606
hsa-miR-548d-5p	-0.2139	0.0335	0.21330612244898	-0.1776	0.0786	0.721270588235294	0.2505
hsa-miR-548i	-0.1381	0.1727	0.523130097087379	-0.1488	0.1416	0.786021052631579	0.1711
hsa-miR-550a-3-5p	-0.2383	0.0175	0.169764705882353	-0.138	0.1732	0.806835233160622	0.1826
hsa-miR-550a-3p	-0.2331	0.0202	0.1768	-0.1592	0.1154	0.786021052631579	0.2229
hsa-miR-550b-3p	-0.2328	0.0204	0.1768	-0.135	0.1827	0.806835233160622	0.1859
hsa-miR-551a	-0.2957	0.003	0.078	-0.2389	0.0172	0.721066666666667	0.3011
hsa-miR-5691-3p:Novel	-0.1532	0.13	0.455730337078652	-0.1174	0.2473	0.806835233160622	0.2054
hsa-miR-5698	0.0956	0.3466	0.684281481481481	0.1562	0.1226	0.786021052631579	0.2166
hsa-miR-5706-3p:Novel	0.0729	0.4735	0.7576	0.1304	0.1984	0.806835233160622	0.1576
hsa-miR-572	-0.1491	0.1407	0.472025806451613	-0.0655	0.5193	0.822331658291457	0.2052
hsa-miR-584-5p	-0.0212	0.8351	0.905883333333333	-0.0295	0.772	0.979121951219512	0.1526
hsa-miR-595-5p:Novel	-0.1296	0.201	0.554973451327434	-0.0716	0.4814	0.806835233160622	0.184
hsa-miR-598-5p	0.2288	0.0227	0.186378947368421	0.1411	0.1636	0.806835233160622	0.2632
hsa-miR-599	-0.159	0.1159	0.435672289156627	-0.1804	0.074	0.721270588235294	0.2224
hsa-miR-6068-3p:Novel	-0.0541	0.5948	0.816776170212766	-0.1064	0.2946	0.806835233160622	0.1913
hsa-miR-6069-3p:Novel	0.121	0.233	0.598838709677419	0.0975	0.3371	0.806835233160622	0.2027
hsa-miR-607	-0.0982	0.3337	0.674	-0.0397	0.6968	0.936267811158798	0.1718
hsa-miR-607-5p:Novel	-0.0794	0.4348	0.721582978723404	-0.0687	0.4989	0.806835233160622	0.161
hsa-miR-6070-3p:Novel	-0.0525	0.6061	0.816776170212766	-0.0769	0.4492	0.806835233160622	0.1481
hsa-miR-6071	0.0822	0.4188	0.711665217391304	0.069	0.4977	0.806835233160622	0.1906
hsa-miR-6075	0.1811	0.0729	0.329634782608696	0.0546	0.5915	0.861845581395349	0.2353
hsa-miR-608-3p:Novel	-0.3835	1e-04	0.0156	-0.3356	7e-04	0.1092	0.4218
hsa-miR-6081	-0.3252	0.001	0.0429	-0.2054	0.0414	0.721270588235294	0.2814
hsa-miR-6083	0.12	0.2366	0.598838709677419	-0.0403	0.6918	0.936267811158798	0.1772
hsa-miR-6084-5p:Novel	0.0216	0.8319	0.905883333333333	-0.0472	0.6428	0.911607272727273	0.1397
hsa-miR-6085	-0.093	0.3597	0.688505521472393	0.0607	0.5509	0.839442654028436	0.1917
hsa-miR-6089	-0.0053	0.9585	0.983723684210526	0.0018	0.9858	0.99216	0.1991
hsa-miR-6124-3p:Novel	-0.0429	0.6731	0.847036144578313	-0.0337	0.7405	0.958655601659751	0.1866
hsa-miR-6125	-0.0676	0.5064	0.78615	0.0085	0.9332	0.984941176470588	0.2342
hsa-miR-6125-5p:Novel	0.1344	0.1849	0.537622222222222	0.0158	0.8766	0.984941176470588	0.1911
hsa-miR-6126-3p:Novel	0.1408	0.1645	0.523130097087379	2e-04	0.9986	0.9986	0.1854
hsa-miR-6127	0.0711	0.4843	0.770926530612245	0.0271	0.7899	0.97936062992126	0.2249
hsa-miR-6127-3p:Novel	0.1021	0.3146	0.672295890410959	-0.0804	0.429	0.806835233160622	0.1803
hsa-miR-6130	-0.0875	0.3892	0.702991907514451	-0.0763	0.4529	0.806835233160622	0.1557
hsa-miR-6131	-0.088	0.3865	0.702991907514451	-0.094	0.3549	0.806835233160622	0.159
hsa-miR-6131-5p:Novel	0.065	0.5226	0.78615	-0.0112	0.912	0.984941176470588	0.134
hsa-miR-6165-3p:Novel	-0.2255	0.0248	0.188721951219512	-0.1999	0.0473	0.721270588235294	0.2709
hsa-miR-617-3p:Novel	-0.1318	0.1933	0.548269090909091	-0.0815	0.4223	0.806835233160622	0.1476
hsa-miR-622	0.073	0.4728	0.7576	0.025	0.8063	0.98268	0.1791
hsa-miR-636	0.203	0.0439	0.253644444444444	0.1111	0.2737	0.806835233160622	0.2443
hsa-miR-638	-0.263	0.0085	0.15288	-0.0956	0.3465	0.806835233160622	0.1931
hsa-miR-638-3p:Novel	-0.081	0.4256	0.71376256684492	-0.0753	0.4586	0.806835233160622	0.1505
hsa-miR-639	0.2623	0.0087	0.15288	0.1139	0.2618	0.806835233160622	0.2728
hsa-miR-641-3p:Novel	0.3236	0.0011	0.0429	0.2049	0.0419	0.721270588235294	0.3176
hsa-miR-645	-0.081	0.4256	0.71376256684492	-0.0928	0.3612	0.806835233160622	0.1296
hsa-miR-646	-0.0806	0.4278	0.71376256684492	0.0219	0.8294	0.984941176470588	0.159
hsa-miR-647-3p:Novel	0.1349	0.1832	0.537622222222222	0.0315	0.757	0.964016326530612	0.1983
hsa-miR-650	0.1386	0.1713	0.523130097087379	0.1069	0.2921	0.806835233160622	0.2052
hsa-miR-6509-5p	-0.0842	0.4076	0.711665217391304	-0.0713	0.483	0.806835233160622	0.1519
hsa-miR-6511a-3p	-0.0029	0.9771	0.987394174757282	-0.0043	0.966	0.984941176470588	0.1486
hsa-miR-655-5p	0.1026	0.3122	0.671983448275862	0.0073	0.9431	0.984941176470588	0.1815
hsa-miR-657-5p:Novel	0.0477	0.6389	0.839203278688525	0.0331	0.7449	0.96036694214876	0.1619
hsa-miR-663a-3p:Novel	-0.1972	0.0504	0.266522033898305	-0.2079	0.0389	0.721270588235294	0.2934
hsa-miR-6717-3p:Novel	0.0295	0.7719	0.895085714285714	-0.0876	0.3888	0.806835233160622	0.1551
hsa-miR-6717-5p	-0.0538	0.5971	0.816776170212766	-0.1025	0.3128	0.806835233160622	0.1674
hsa-miR-6721-3p:Novel	-0.0067	0.9475	0.97887417218543	-0.0801	0.4307	0.806835233160622	0.1807
hsa-miR-6724-3p:Novel	-0.0962	0.3434	0.682425477707006	0.0068	0.9467	0.984941176470588	0.1935
hsa-miR-6724-5p	-0.1949	0.0532	0.275685245901639	-0.1443	0.154	0.806835233160622	0.2317
hsa-miR-6728-5p	-0.1592	0.1155	0.435672289156627	-0.071	0.4851	0.806835233160622	0.1592
hsa-miR-6731-5p	0.0332	0.7439	0.889259770114943	-0.0544	0.5927	0.861845581395349	0.1424
hsa-miR-6738-5p	0.0235	0.8171	0.905883333333333	0.1798	0.075	0.721270588235294	0.2187
hsa-miR-6745-5p:Novel	0.0287	0.7779	0.895085714285714	0.0341	0.7377	0.958655601659751	0.139
hsa-miR-6756-5p	0.1667	0.0991	0.401548051948052	-0.0138	0.892	0.984941176470588	0.1939
hsa-miR-6757-5p	-0.1095	0.2804	0.648035555555555	-0.1822	0.0712	0.721270588235294	0.204
hsa-miR-6760-5p	-0.1406	0.1651	0.523130097087379	0.0198	0.8458	0.984941176470588	0.1929
hsa-miR-6768-5p	0.099	0.3298	0.672533333333333	0.0376	0.7119	0.94516085106383	0.1773
hsa-miR-6772-5p	0.0425	0.676	0.847036144578313	-0.0019	0.9851	0.99216	0.1819
hsa-miR-6773-5p	-0.0455	0.6544	0.839203278688525	-0.0325	0.7498	0.962706172839506	0.1853
hsa-miR-6777-5p	-0.0868	0.3932	0.705048275862069	-0.1526	0.1315	0.786021052631579	0.163
hsa-miR-6778-5p	0.0319	0.7538	0.895085714285714	0.0243	0.8112	0.98268	0.197
hsa-miR-6787-5p	0.0589	0.5628	0.805475229357798	0.0581	0.5677	0.839442654028436	0.1469
hsa-miR-6788-3p	-0.065	0.5226	0.78615	0.0191	0.8511	0.984941176470588	0.1407
hsa-miR-6790-5p	0.1827	0.0704	0.324388235294118	0.0833	0.4126	0.806835233160622	0.1974
hsa-miR-6802-5p	-0.1791	0.0762	0.334850704225352	-0.1513	0.1348	0.786021052631579	0.2343
hsa-miR-6805-5p	-0.0198	0.8458	0.913112802768166	-0.0947	0.351	0.806835233160622	0.1522
hsa-miR-6838-5p	0.0108	0.9157	0.958928859060403	-0.035	0.7308	0.954015062761506	0.1174
hsa-miR-6849-5p	0.0514	0.6135	0.816776170212766	-0.0044	0.9658	0.984941176470588	0.1299
hsa-miR-6867-5p	-0.0648	0.5239	0.78615	-0.1236	0.2231	0.806835233160622	0.2157
hsa-miR-6869-5p	-0.1927	0.056	0.281806451612903	-0.1841	0.0681	0.721270588235294	0.2748
hsa-miR-6871-5p	-0.0369	0.7165	0.87420700389105	0.0239	0.8147	0.98268	0.1465
hsa-miR-6879-5p	-0.1268	0.2112	0.57531724137931	-0.0707	0.4868	0.806835233160622	0.1953
hsa-miR-6895-3p	-0.2108	0.0362	0.225888	-0.1752	0.0827	0.737211428571429	0.2552
hsa-miR-7108-5p	0.2399	0.0168	0.169764705882353	0.0924	0.3633	0.806835233160622	0.2019
hsa-miR-711	-0.326	0.001	0.0429	-0.196	0.0519	0.721270588235294	0.3292
hsa-miR-7113-5p	-0.0165	0.8713	0.934177319587629	0.0203	0.8417	0.984941176470588	0.1701
hsa-miR-7161-3p	0.0652	0.5213	0.78615	0.0542	0.5939	0.861845581395349	0.1666
hsa-miR-718	0.2034	0.0435	0.253644444444444	0.1515	0.1344	0.786021052631579	0.1961
hsa-miR-7515-5p:Novel	-0.024	0.8134	0.905883333333333	0.0357	0.7254	0.950944537815126	0.1348
hsa-miR-760	0.0378	0.7102	0.87420700389105	-0.0838	0.4095	0.806835233160622	0.1366
hsa-miR-765-5p:Novel	0.2258	0.0246	0.188721951219512	0.1145	0.259	0.806835233160622	0.2445
hsa-miR-7704-3p:Novel	0.1296	0.201	0.554973451327434	-0.0417	0.6823	0.936267811158798	0.1737
hsa-miR-7845-3p:Novel	-0.1659	0.1008	0.4032	-0.1459	0.1496	0.804744827586207	0.2252
hsa-miR-7851-5p:Novel	-0.1912	0.0579	0.286742857142857	-0.1285	0.2048	0.806835233160622	0.2119
hsa-miR-8057-3p:Novel	-0.134	0.1861	0.537622222222222	-0.1079	0.2878	0.806835233160622	0.1916
hsa-miR-8072	0.1312	0.1955	0.549513513513514	-0.0084	0.9343	0.984941176470588	0.1537
hsa-miR-8072-3p:Novel	-0.0549	0.5896	0.816776170212766	-0.1	0.3248	0.806835233160622	0.1498
hsa-miR-8079-3p:Novel	-0.1223	0.228	0.5928	-0.1278	0.2074	0.806835233160622	0.1913
hsa-miR-8080	0.142	0.1609	0.522925	0.065	0.5224	0.822331658291457	0.1863
hsa-miR-8083-3p:Novel	0.0072	0.9435	0.977980066445183	0.1705	0.0916	0.772410810810811	0.217
hsa-miR-922	-0.0977	0.3363	0.674	-0.0885	0.3835	0.806835233160622	0.1379
hsa-miR-922-5p:Novel	0.0427	0.6747	0.847036144578313	-0.032	0.7533	0.963236065573771	0.1336
hsa-miR-92a-3p	0.1121	0.2694	0.636763636363636	0.0694	0.4951	0.806835233160622	0.2028
hsa-miR-92b-5p	0.0623	0.5399	0.800946478873239	-0.0198	0.8458	0.984941176470588	0.1327
hsa-miR-935	0.262	0.0088	0.15288	0.2185	0.0298	0.721270588235294	0.3288
hsa-miR-935-5p:Novel	0.104	0.3056	0.671983448275862	0.0124	0.9031	0.984941176470588	0.1585
hsa-miR-940	-0.021	0.8362	0.905883333333333	0.003	0.9768	0.989485714285714	0.156
hsa-miR-943-5p:Novel	0.1253	0.2166	0.575757983193277	0.1343	0.185	0.806835233160622	0.245
hsa-miR-944-5p:Novel	-0.0345	0.7347	0.88236	-0.0266	0.7935	0.97936062992126	0.149
hsa-miR-9901	0.0637	0.5308	0.79239043062201	0.0436	0.6686	0.931264285714286	0.1412
hsa-miR-9901-3p:Novel	-0.1983	0.0491	0.264124137931034	-0.1652	0.1023	0.786021052631579	0.2165
