miRNA	min	max	mean	median	sd	mad	mm_ratio
hsa-miR-647-3p:Novel	0	1112	149.96	103	167.724484831222	88.956	0.863650485436893
hsa-miR-6124-3p:Novel	0	1331	142.13	89	196.503563137131	81.543	0.916213483146067
hsa-miR-3178-3p:Novel	0	261	19.4	11	28.0316846459076	10.3782	0.943472727272727
hsa-miR-320e-5p:Novel	4	9036	1065.29	599	1298.23128308106	567.8358	0.947972954924875
hsa-miR-6717-3p:Novel	0	925	69.64	45	96.7585360383534	42.9954	0.955453333333333
hsa-miR-598-5p	0	653	45.88	23	70.2691068186765	22.239	0.966913043478261
hsa-miR-4487	0	1499	155.16	78	225.399279847845	75.6126	0.969392307692308
hsa-miR-4505	0	1453	118.93	56	187.773889150744	54.8562	0.979575
hsa-miR-3714-3p:Novel	0	2705	155.09	74	261.035338494377	72.6474	0.981721621621621
hsa-miR-6075	5	12526	1259.31	823	1408.90787637072	812.4648	0.987199027946537
hsa-miR-3934-5p	0	3156	25.96	3	217.698885013306	2.9652	0.9884
hsa-miR-4283	0	173	20.38	12	24.0569550746733	11.8608	0.9884
hsa-miR-4496-5p:Novel	0	303	15.88	9	25.9265071381433	8.8956	0.9884
hsa-miR-6069-3p:Novel	0	276	23.44	15	28.8144680351997	14.826	0.9884
hsa-miR-6756-5p	0	433	36.5	18	62.7192103651142	17.7912	0.9884
hsa-miR-7851-3p	0	181	15.38	9	21.5275489391366	8.8956	0.9884
hsa-miR-7851-5p:Novel	0	202	25.94	15	33.5624915512807	14.826	0.9884
hsa-miR-8064	0	3250	25.64	3	217.750682265414	2.9652	0.9884
hsa-miR-8072-3p:Novel	0	207	29.76	21	32.9854030394462	20.7564	0.9884
hsa-miR-12118-3p:Novel	0	1977	100.97	61	174.62421216098	60.7866	0.996501639344262
hsa-miR-3648-3p:Novel	0	3193	99.52	46	282.88451248291	45.9606	0.99914347826087
hsa-miR-657-5p:Novel	0	4240	363.34	161	570.909953239309	161.6034	1.00374782608696
hsa-miR-151a-3p	0	2190	162.8	93	242.479246520893	93.4038	1.00434193548387
hsa-miR-3190-3p	0	415	40.19	22	59.9775709150974	22.239	1.01086363636364
hsa-miR-3911-3p:Novel	0	725	40.56	22	67.8061177320626	22.239	1.01086363636364
hsa-miR-501-3p	0	676	77.37	44	104.769461919753	44.478	1.01086363636364
hsa-miR-6126-3p:Novel	0	1028	35.06	19	85.0416235393091	19.2738	1.01441052631579
hsa-miR-4306-5p:Novel	0	279	28.55	16	39.8162685962809	16.3086	1.0192875
hsa-miR-4313-3p:Novel	0	457	27.53	16	39.7612524015664	16.3086	1.0192875
hsa-miR-572	0	448	34.82	16	57.6822369048188	16.3086	1.0192875
hsa-miR-940	0	508	29.73	16	46.3300760938914	16.3086	1.0192875
hsa-miR-6083	0	859	83.66	45	132.041374984171	45.9606	1.02134666666667
hsa-miR-1275-3p:Novel	0	263	24.2	13	33.0256900599618	13.3434	1.02641538461538
hsa-miR-181b-5p	0	594	43.57	26	65.1658058189958	26.6868	1.02641538461538
hsa-miR-3960	0	393	24.16	13	42.7081679008384	13.3434	1.02641538461538
hsa-miR-5706-3p:Novel	0	333	25.19	13	39.2504287815848	13.3434	1.02641538461538
hsa-miR-6084-5p:Novel	0	373	23.26	13	37.8871139359745	13.3434	1.02641538461538
hsa-miR-6724-3p:Novel	0	956	31.3	13	75.5172100149078	13.3434	1.02641538461538
hsa-miR-6778-5p	0	389	24.31	13	39.171250402216	13.3434	1.02641538461538
hsa-miR-765-5p:Novel	0	246	25.47	13	38.3591247396466	13.3434	1.02641538461538
hsa-miR-9901	0	160	20	13	23.8748533124217	13.3434	1.02641538461538
hsa-miR-3125	6	65239	3592.79	1871	5894.90395320778	1928.8626	1.03092602886157
hsa-miR-143-3p	0	2184	54.33	23	154.448679592263	23.7216	1.03137391304348
hsa-miR-199a-3p, hsa-miR-199b-3p	0	763	46.36	23	82.1808348593134	23.7216	1.03137391304348
hsa-let-7i-5p	0	3594	70.07	10	350.008749282808	10.3782	1.03782
hsa-miR-122-5p	0	113	17.3	10	22.1770468599706	10.3782	1.03782
hsa-miR-1250-5p	0	525	27.69	10	62.0691268928887	10.3782	1.03782
hsa-miR-4285-3p:Novel	0	223	19.04	10	28.0067395533901	10.3782	1.03782
hsa-miR-484-3p:Novel	0	302	37.33	20	46.9977784530028	20.7564	1.03782
hsa-miR-5196-5p	0	235	18.16	10	27.5668312200259	10.3782	1.03782
hsa-miR-6511b-5p	0	372	20.17	10	33.7852710363051	10.3782	1.03782
hsa-miR-8082-3p:Novel	0	327	18.65	10	29.4959700053944	10.3782	1.03782
hsa-miR-9898-5p:Novel	0	260	18.46	10	27.8586226561396	10.3782	1.03782
hsa-miR-3916-3p:Novel	0	1384	90.42	47	147.470815071706	48.9258	1.04097446808511
hsa-miR-128-3p	0	515	29.29	17	49.5330668857709	17.7912	1.04654117647059
hsa-miR-3141-3p:Novel	0	297	30.56	17	40.3421438127868	17.7912	1.04654117647059
hsa-miR-6125-5p:Novel	0	486	37.23	17	63.9602834808988	17.7912	1.04654117647059
hsa-miR-650	0	417	30.34	17	43.2049154387571	17.7912	1.04654117647059
hsa-miR-6721-3p:Novel	0	700	41.99	17	83.3395878467821	17.7912	1.04654117647059
hsa-miR-4311	0	558	41.82	24	64.0883369472358	25.2042	1.050175
hsa-miR-6772-5p	0	2977	60.83	24	206.529225535864	25.2042	1.050175
hsa-miR-6717-5p	0	920	51.21	31	80.4236967133708	32.6172	1.05216774193548
hsa-miR-1272	0	716	81.01	45	100.550273953514	47.4432	1.05429333333333
hsa-miR-1-5p	0	715	17.09	7	52.167498913347	7.413	1.059
hsa-miR-1262-3p:Novel	0	406	15.38	7	32.3254439623683	7.413	1.059
hsa-miR-4290	0	346	25.58	14	36.7569448998697	14.826	1.059
hsa-miR-4314-3p:Novel	0	565	17.94	7	44.562488032512	7.413	1.059
hsa-miR-4441-5p:Novel	0	385	17.23	7	36.5625046406446	7.413	1.059
hsa-miR-4472	0	278	27.3	14	39.1426970528811	14.826	1.059
hsa-miR-4654	0	1418	39.24	14	110.895241335398	14.826	1.059
hsa-miR-4683	0	510	45.85	21	71.0724418708703	22.239	1.059
hsa-miR-4706-3p:Novel	0	301	15.18	7	31.3834588410265	7.413	1.059
hsa-miR-4737	0	587	17.79	7	43.0683446075762	7.413	1.059
hsa-miR-6089	0	243	26.67	14	39.4525879602203	14.826	1.059
hsa-miR-655-5p	0	1676	78.62	35	163.949250505019	37.065	1.059
hsa-miR-671-5p	0	961	21.04	7	78.2847799432064	7.413	1.059
hsa-miR-6781-5p	0	502	15.7	7	37.7420558441103	7.413	1.059
hsa-miR-8057-3p:Novel	0	472	27.3	14	46.6538687462799	14.826	1.059
hsa-miR-935	0	531	49.7	28	74.0105003769737	29.652	1.059
hsa-miR-935-5p:Novel	0	254	26.66	14	36.5367394330717	14.826	1.059
hsa-miR-9986	0	181	17.71	7	27.3410558647597	7.413	1.059
hsa-miR-7704-3p:Novel	0	484	56.12	32	75.2646305675772	34.0998	1.06561875
hsa-miR-3907-5p:Novel	0	2221	54.48	25	153.983459145439	26.6868	1.067472
hsa-miR-12136-3p:Novel	0	368	30.79	18	42.7597171042718	19.2738	1.07076666666667
hsa-miR-200a-3p	0	525	40.83	18	70.8665109890019	19.2738	1.07076666666667
hsa-miR-4682-3p:Novel	0	1183	45.12	18	111.257170152378	19.2738	1.07076666666667
hsa-miR-6787-5p	0	616	42.06	18	76.7165706900415	19.2738	1.07076666666667
hsa-miR-12136	0	1621	116.97	65	187.001934406987	69.6822	1.07203384615385
hsa-let-7a-3p	0	4347	102.55	22	429.343251370521	23.7216	1.07825454545455
hsa-miR-1255b-5p	0	2390	40.81	11	166.433070178956	11.8608	1.07825454545455
hsa-miR-1307-3p	0	277	21.27	11	32.3623055038199	11.8608	1.07825454545455
hsa-miR-3154-5p:Novel	0	284	22.52	11	33.938466133557	11.8608	1.07825454545455
hsa-miR-3160-5p	0	199	20.04	11	29.399936397459	11.8608	1.07825454545455
hsa-miR-3934-3p	0	168	17.24	11	22.9976625305846	11.8608	1.07825454545455
hsa-miR-3976-3p:Novel	0	340	23.1	11	40.6747363773822	11.8608	1.07825454545455
hsa-miR-423-5p	0	961	28	11	80.8212959439057	11.8608	1.07825454545455
hsa-miR-4290-5p:Novel	0	338	19.02	11	29.9879927626115	11.8608	1.07825454545455
hsa-miR-4429-3p:Novel	0	981	23.29	11	68.5985370592236	11.8608	1.07825454545455
hsa-miR-4437	0	1449	104.67	55	141.833466705281	59.304	1.07825454545455
hsa-miR-4741	0	389	23.03	11	39.5462839757575	11.8608	1.07825454545455
hsa-miR-4785	0	268	20.81	11	32.5051515139447	11.8608	1.07825454545455
hsa-miR-599	0	295	23.04	11	36.9931641145917	11.8608	1.07825454545455
hsa-miR-608-3p:Novel	0	377	25.74	11	47.1310786510484	11.8608	1.07825454545455
hsa-miR-770-3p:Novel	0	197	19.04	11	28.2637403539468	11.8608	1.07825454545455
hsa-miR-371a-5p	0	997	116.03	59	153.261351682317	63.7518	1.08053898305085
hsa-miR-1302	0	1973	168.64	96	237.07428262096	103.782	1.0810625
hsa-miR-3137	0	1020	116.76	71	152.110101020997	77.0952	1.08584788732394
hsa-miR-5698	2	3677	333.59	157	515.343266358882	170.499	1.08598089171975
hsa-miR-10397-3p	0	204	22.67	15	27.3541235660962	16.3086	1.08724
hsa-miR-1231	0	353	29.85	15	44.3173819049343	16.3086	1.08724
hsa-miR-1287-5p	0	818	60.37	30	99.1730518508345	32.6172	1.08724
hsa-miR-1324	0	6418	69.17	15	434.492591858313	16.3086	1.08724
hsa-miR-2861	0	280	27.61	15	37.9428832214167	16.3086	1.08724
hsa-miR-3668-3p:Novel	0	1316	47.64	15	132.27322805297	16.3086	1.08724
hsa-miR-3976	0	524	32.12	15	58.4983287115056	16.3086	1.08724
hsa-miR-4451-5p:Novel	0	2080	67.46	30	153.589156685471	32.6172	1.08724
hsa-miR-4513-3p:Novel	0	384	24.02	15	36.0574213587874	16.3086	1.08724
hsa-miR-6790-5p	0	647	57.31	30	87.9933322090119	32.6172	1.08724
hsa-miR-3180	0	962	66.17	34	93.0827049776768	37.065	1.09014705882353
hsa-miR-1285-3p	0	315	32.36	19	39.5489652539293	20.7564	1.09244210526316
hsa-miR-5001-5p	0	1183	79.64	38	142.427835882655	41.5128	1.09244210526316
hsa-miR-641-3p:Novel	0	2098	49.56	19	151.78327147346	20.7564	1.09244210526316
hsa-miR-6871-5p	0	411	32.9	19	43.765811324998	20.7564	1.09244210526316
hsa-miR-711	0	10152	439.56	198	937.81662576868	216.4596	1.0932303030303
hsa-miR-4449	0	1475	90.75	42	156.626554017551	45.9606	1.0943
hsa-miR-4259	0	1788	57.02	31	129.028947779569	34.0998	1.0999935483871
hsa-miR-3622a-5p	1	2250	154.93	82	229.817091435257	90.4386	1.10290975609756
hsa-miR-4254	0	4482	253.71	129	451.402585027406	142.3296	1.10333023255814
hsa-miR-922-5p:Novel	0	1683	124.92	51	228.7719709577	56.3388	1.10468235294118
hsa-miR-1202	0	540	44.49	20	75.8521197160214	22.239	1.11195
hsa-miR-5193	0	551	41.8	20	67.153032849801	22.239	1.11195
hsa-let-7g-5p	0	2973	65.44	8	308.029606641004	8.8956	1.11195
hsa-miR-1184	0	1285	42.14	16	104.086302184779	17.7912	1.11195
hsa-miR-1257	0	315	22.32	8	44.6962380952447	8.8956	1.11195
hsa-miR-1270-3p:Novel	0	394	17.93	4	48.7090633288856	4.4478	1.11195
hsa-miR-1273c	0	247	17.06	8	29.0737141915021	8.8956	1.11195
hsa-miR-1276-3p:Novel	0	379	16.07	4	43.7886656556164	4.4478	1.11195
hsa-miR-1282-3p:Novel	0	186	15.69	8	26.5658038517634	8.8956	1.11195
hsa-miR-1285-5p	0	739	22.17	8	59.9213253245601	8.8956	1.11195
hsa-miR-1293	0	460	34.57	16	61.3219042713616	17.7912	1.11195
hsa-miR-1294-3p:Novel	0	509	18.71	4	47.9954080914922	4.4478	1.11195
hsa-miR-133b	0	267	19.46	8	34.6518360409564	8.8956	1.11195
hsa-miR-181c-3p	0	362	25.48	12	39.9427479871853	13.3434	1.11195
hsa-miR-2392	0	183	17.74	8	29.4127164355152	8.8956	1.11195
hsa-miR-30a-5p	0	9788	51.31	4	640.821415654843	4.4478	1.11195
hsa-miR-3159-3p:Novel	0	974	15.02	4	68.7700720762943	4.4478	1.11195
hsa-miR-3180-4-3p:Novel, hsa-miR-3180-5-3p:Novel	0	1018	36.89	16	94.8324543128666	17.7912	1.11195
hsa-miR-3180-5p	0	711	60.27	36	85.2886453550005	40.0302	1.11195
hsa-miR-3197	0	11022	83.08	4	734.64444675593	4.4478	1.11195
hsa-miR-320e	0	459	20.33	8	43.8376488349867	8.8956	1.11195
hsa-miR-323a-5p	0	339	25.92	16	38.7976320511304	17.7912	1.11195
hsa-miR-3661-3p:Novel	0	931	19.63	4	73.1992515009878	4.4478	1.11195
hsa-miR-3943-3p:Novel	0	438	21.32	8	48.3317601839046	8.8956	1.11195
hsa-miR-4252	0	327	17.86	4	40.764441335208	4.4478	1.11195
hsa-miR-4279	0	409	15.91	8	31.6137183295683	8.8956	1.11195
hsa-miR-4323	0	863	33.18	4	102.468268098691	4.4478	1.11195
hsa-miR-4431	0	213	25.01	12	37.5590330078587	13.3434	1.11195
hsa-miR-4453-3p:Novel	0	299	23.7	12	36.1760879375288	13.3434	1.11195
hsa-miR-4486-3p:Novel	0	495	16.75	8	38.4378170065894	8.8956	1.11195
hsa-miR-4497-3p:Novel	0	747	64.45	36	98.0791327419546	40.0302	1.11195
hsa-miR-449a-3p:Novel	0	375	15.18	4	43.8596795340139	4.4478	1.11195
hsa-miR-4520-3p	0	204	22.55	12	32.9564484950987	13.3434	1.11195
hsa-miR-4523-3p:Novel	0	218	15.29	4	31.9455459705314	4.4478	1.11195
hsa-miR-4644	0	261	16.3	8	27.8470705544374	8.8956	1.11195
hsa-miR-4706	0	639	21.94	8	53.3518038782273	8.8956	1.11195
hsa-miR-4723-3p	0	498	15.44	4	49.5777631870812	4.4478	1.11195
hsa-miR-4732-5p	0	595	20.89	8	53.3119923556882	8.8956	1.11195
hsa-miR-5092	0	330	21.88	8	43.3531941732092	8.8956	1.11195
hsa-miR-5186	0	337	18.7	8	40.2696177270653	8.8956	1.11195
hsa-miR-607-5p:Novel	0	584	24.2	12	49.1320756269182	13.3434	1.11195
hsa-miR-6084	0	1169	21.59	8	86.947622612658	8.8956	1.11195
hsa-miR-641	0	165	16.07	8	24.44185214854	8.8956	1.11195
hsa-miR-646-5p:Novel	0	147	18.09	12	21.6881410564241	13.3434	1.11195
hsa-miR-663a-3p:Novel	0	307	31.1	16	45.3962785964227	17.7912	1.11195
hsa-miR-6720-3p	0	266	18.15	8	31.8650872772014	8.8956	1.11195
hsa-miR-6724-5p	0	421	33.21	16	50.4746733725393	17.7912	1.11195
hsa-miR-6731-5p	0	1423	63.7	24	143.063998290717	26.6868	1.11195
hsa-miR-6790-3p	0	310	16.65	8	33.0791137094164	8.8956	1.11195
hsa-miR-6802-5p	0	370	27.91	16	39.7885533458659	17.7912	1.11195
hsa-miR-6874-5p	0	190	16.98	8	24.813866804521	8.8956	1.11195
hsa-miR-6884-5p	0	360	19.09	8	38.4106825154263	8.8956	1.11195
hsa-miR-7973-1-3p:Novel	0	551	16.42	4	53.3503763205516	4.4478	1.11195
hsa-miR-8072	0	1017	103.64	52	143.28230087684	57.8214	1.11195
hsa-miR-8080	0	500	50.47	28	66.5655629806411	31.1346	1.11195
hsa-miR-8085	0	292	18	8	29.9624042953138	8.8956	1.11195
hsa-miR-8086	0	154	16.34	8	20.9661603572117	8.8956	1.11195
hsa-miR-8089	0	342	15.92	8	30.7130385265529	8.8956	1.11195
hsa-miR-2861-5p:Novel	0	725	63.69	29	102.251501782095	32.6172	1.12473103448276
hsa-miR-1267-3p:Novel	0	1033	63.14	25	117.984467219028	28.1694	1.126776
hsa-miR-3648	0	475	44.7	25	65.1637646826502	28.1694	1.126776
hsa-miR-6879-5p	0	642	46.92	25	70.0262712599208	28.1694	1.126776
hsa-miR-124-5p	0	495	43.48	21	62.0405930478853	23.7216	1.1296
hsa-miR-197-5p	0	992	84.53	42	118.964281597416	47.4432	1.1296
hsa-miR-4695-5p	0	736	37.64	21	65.8749937340962	23.7216	1.1296
hsa-miR-3138-5p:Novel	0	11325	400.74	152	938.915508459652	171.9816	1.13145789473684
hsa-miR-1231-3p:Novel	0	852	43.65	17	83.2391869647892	19.2738	1.13375294117647
hsa-miR-504-5p	0	329	34.26	17	47.8266008637975	19.2738	1.13375294117647
hsa-miR-6511a-3p	0	123	24.13	17	23.4378190126777	19.2738	1.13375294117647
hsa-miR-10392-5p	0	1647	169.07	90	226.47802760601	102.2994	1.13666
hsa-miR-607	1	5257	498.79	262	666.001799571673	298.0026	1.13741450381679
hsa-miR-3169	0	5727	150.78	56	415.064971217168	63.7518	1.138425
hsa-miR-4284-3p:Novel	0	2761	198.55	95	300.962834079908	108.2298	1.13926105263158
hsa-miR-1288-5p	0	891	60.85	26	106.139744873276	29.652	1.14046153846154
hsa-miR-215-5p	0	4199	65.18	13	305.688809742289	14.826	1.14046153846154
hsa-miR-3155a	0	411	26.58	13	43.591005731365	14.826	1.14046153846154
hsa-miR-3160-3p	0	241	24.63	13	34.8060212674733	14.826	1.14046153846154
hsa-miR-3972	0	766	33.61	13	76.4796354473073	14.826	1.14046153846154
hsa-miR-4286-3p:Novel	0	406	25.92	13	40.9970882819144	14.826	1.14046153846154
hsa-miR-4313	0	342	28.91	13	46.5269630182504	14.826	1.14046153846154
hsa-miR-4489	0	244	24.29	13	32.1116153189125	14.826	1.14046153846154
hsa-miR-4655-5p	0	336	27.74	13	41.5790973138186	14.826	1.14046153846154
hsa-miR-5100	0	870	32.44	13	69.1664492805766	14.826	1.14046153846154
hsa-miR-7515-5p:Novel	0	424	25.36	13	46.2125765059666	14.826	1.14046153846154
hsa-miR-92b-5p	0	778	30.97	13	71.3567967153252	14.826	1.14046153846154
hsa-miR-3168-3p:Novel	0	684	54.91	22	87.2297778844507	25.2042	1.14564545454545
hsa-miR-3170	0	1132	57.32	22	110.542019986182	25.2042	1.14564545454545
hsa-miR-943-5p:Novel	0	453	41.2	22	55.1352146081972	25.2042	1.14564545454545
hsa-miR-4693-3p	0	2171	167.85	84	252.717634431594	96.369	1.14725
hsa-miR-1181-3p:Novel	0	1361	123.73	72	155.817802286034	83.0256	1.15313333333333
hsa-miR-1229-5p	0	842	43	18	95.5162695048407	20.7564	1.15313333333333
hsa-miR-1233-3p	0	695	18.7	9	49.9338599844492	10.3782	1.15313333333333
hsa-miR-125b-5p	0	294	20.3	9	33.5760183529211	10.3782	1.15313333333333
hsa-miR-153-3p	0	890	26.93	9	76.1207327462477	10.3782	1.15313333333333
hsa-miR-1910-3p	0	526	26.98	9	64.6605836914654	10.3782	1.15313333333333
hsa-miR-3149	0	450	20.41	9	43.3744852942939	10.3782	1.15313333333333
hsa-miR-3170-3p:Novel	0	320	20.6	9	35.0847543551387	10.3782	1.15313333333333
hsa-miR-378h-3p:Novel	0	383	27.79	9	54.8452081326456	10.3782	1.15313333333333
hsa-miR-425-3p	0	512	47.51	18	73.1849989097058	20.7564	1.15313333333333
hsa-miR-4274	0	831	32.38	9	83.384004820341	10.3782	1.15313333333333
hsa-miR-4283-3p:Novel	0	166	16.58	9	21.5455229793993	10.3782	1.15313333333333
hsa-miR-4436b-5p	0	599	24.57	9	57.5805739393953	10.3782	1.15313333333333
hsa-miR-4494	0	351	46.02	27	59.3944997500811	31.1346	1.15313333333333
hsa-miR-4734	0	301	17.35	9	31.3685778996042	10.3782	1.15313333333333
hsa-miR-4748-3p:Novel	0	332	20.9	9	39.1769157935343	10.3782	1.15313333333333
hsa-miR-483-5p	0	500	21.66	9	48.5693698084234	10.3782	1.15313333333333
hsa-miR-5006-5p	0	993	71.58	18	132.733701155828	20.7564	1.15313333333333
hsa-miR-5093	0	590	18.94	9	43.9095874739516	10.3782	1.15313333333333
hsa-miR-5193-5p:Novel	0	377	38.48	18	57.192587651592	20.7564	1.15313333333333
hsa-miR-557	0	249	21.09	9	33.0849170465562	10.3782	1.15313333333333
hsa-miR-5572	0	258	17.45	9	27.8882915890329	10.3782	1.15313333333333
hsa-miR-5572-5p:Novel	0	1060	20.27	9	72.6163603130296	10.3782	1.15313333333333
hsa-miR-584-5p	0	1969	66.73	18	173.340027389684	20.7564	1.15313333333333
hsa-miR-6085-5p:Novel	0	215	19.33	9	28.7885838281059	10.3782	1.15313333333333
hsa-miR-6127-3p:Novel	0	613	54.54	18	96.8090891446114	20.7564	1.15313333333333
hsa-miR-664a-5p	0	405	25.03	9	51.8688161955971	10.3782	1.15313333333333
hsa-miR-6738-5p	0	3983	117.86	36	330.472282245492	41.5128	1.15313333333333
hsa-miR-6745-5p:Novel	0	402	33.83	18	50.3614150436968	20.7564	1.15313333333333
hsa-miR-7847-5p:Novel	0	605	18.12	9	43.1089933091583	10.3782	1.15313333333333
hsa-miR-9898	0	144	15.9	9	21.1850152000114	10.3782	1.15313333333333
hsa-miR-9899	0	194	16.34	9	24.2986283308298	10.3782	1.15313333333333
hsa-miR-944-5p:Novel	0	5313	214.76	77	478.939131817487	88.956	1.15527272727273
hsa-miR-6127	0	683	82.77	41	120.104927979771	47.4432	1.1571512195122
hsa-miR-4632-5p	0	1595	76.03	32	145.071827116567	37.065	1.15828125
hsa-miR-595-5p:Novel	0	723	78.11	32	121.932717413528	37.065	1.15828125
hsa-miR-149-3p	0	614	52.29	23	79.6358672686573	26.6868	1.16029565217391
hsa-miR-2110-3p:Novel	0	518	51.55	23	82.9459130585603	26.6868	1.16029565217391
hsa-miR-4441	0	766	49.66	23	82.8587428062643	26.6868	1.16029565217391
hsa-miR-4516-3p:Novel	0	2505	151.99	60	278.600566740399	69.6822	1.16137
hsa-miR-3064-5p	0	1572	94.15	37	205.198471444461	42.9954	1.16203783783784
hsa-miR-3180-3p	0	6209	165.26	37	504.315168245611	42.9954	1.16203783783784
hsa-miR-3960-5p:Novel	0	4305	293.12	130	514.25773170121	151.2252	1.16327076923077
hsa-miR-11399-3p:Novel	0	3609	282.96	144	435.090322828255	167.5338	1.16342916666667
hsa-miR-1260a-3p:Novel	0	303	27.48	14	39.208226187115	16.3086	1.1649
hsa-miR-194-3p	0	1017	60.15	28	94.2610790759525	32.6172	1.1649
hsa-miR-3652-3p:Novel	0	1225	34.59	14	91.3734820170722	16.3086	1.1649
hsa-miR-4754-3p:Novel	0	1574	33.57	14	109.635349382605	16.3086	1.1649
hsa-miR-5091-3p:Novel	0	824	32.36	14	73.9850122717198	16.3086	1.1649
hsa-miR-638-3p:Novel	0	1046	106.94	56	143.70949442512	65.2344	1.1649
hsa-miR-4508-3p:Novel	0	3653	130.84	47	329.325964742718	54.8562	1.16715319148936
hsa-miR-6869-5p	0	527	74.6	47	89.0601326606902	54.8562	1.16715319148936
hsa-miR-182-5p	0	1295	67.26	19	140.101703053392	22.239	1.17047368421053
hsa-miR-638	0	1850	59.36	19	154.751600647345	22.239	1.17047368421053
hsa-miR-219a-5p	0	831	53.92	24	108.666180727041	28.1694	1.173725
hsa-miR-137-3p	0	1011	61.89	25	107.322996169888	29.652	1.18608
hsa-miR-194-5p	0	836	97.61	50	144.091441181067	59.304	1.18608
hsa-miR-6867-5p	0	388	47.61	25	64.901565361132	29.652	1.18608
hsa-let-7d-5p	0	435	15.36	5	51.166708325302	5.9304	1.18608
hsa-miR-10523-3p:Novel	0	419	21.67	10	38.7775424038113	11.8608	1.18608
hsa-miR-10a-5p	0	446	16.5	5	43.902627804424	5.9304	1.18608
hsa-miR-12120-3p:Novel	0	840	45.55	10	111.822939183737	11.8608	1.18608
hsa-miR-12128	0	223	20.51	10	29.3739433541407	11.8608	1.18608
hsa-miR-1294	0	875	28.85	10	70.8038129236182	11.8608	1.18608
hsa-miR-134-5p	0	294	17.36	5	35.6625704137906	5.9304	1.18608
hsa-miR-152-3p	0	1009	26.62	5	84.0138793000958	5.9304	1.18608
hsa-miR-191-5p	0	406	17.49	5	46.153615333758	5.9304	1.18608
hsa-miR-3074-5p	0	672	17.43	5	52.1098426049718	5.9304	1.18608
hsa-miR-3085-5p	0	332	23.69	10	37.5072263768851	11.8608	1.18608
hsa-miR-3127-5p	0	576	31.21	15	59.3023837394601	17.7912	1.18608
hsa-miR-3169-3p:Novel	0	2536	35.21	10	169.232192456817	11.8608	1.18608
hsa-miR-320a-3p	0	1181	61.58	20	128.308840456504	23.7216	1.18608
hsa-miR-326-5p:Novel	0	3421	77.68	5	363.443272493186	5.9304	1.18608
hsa-miR-3615-5p:Novel	0	253	20.47	10	31.5447143356206	11.8608	1.18608
hsa-miR-3663-3p	0	4286	28.44	5	281.254114665772	5.9304	1.18608
hsa-miR-378i-3p:Novel	0	1839	36.23	10	149.011902790689	11.8608	1.18608
hsa-miR-383-5p	0	1148	27.27	5	103.18204463357	5.9304	1.18608
hsa-miR-3907	0	2314	28.25	10	152.192051457561	11.8608	1.18608
hsa-miR-3928-3p	0	739	28.85	10	79.9455374589317	11.8608	1.18608
hsa-miR-3935	0	1137	59.22	20	142.752927303306	23.7216	1.18608
hsa-miR-4258-3p:Novel	0	426	37.13	20	50.5772768820769	23.7216	1.18608
hsa-miR-4263	0	533	22.23	10	46.0279592787984	11.8608	1.18608
hsa-miR-4296	0	1394	22.57	5	97.3063775704338	5.9304	1.18608
hsa-miR-4311-3p:Novel	0	198	22.56	10	34.4688432407942	11.8608	1.18608
hsa-miR-4329	0	278	19.15	10	30.5705615726559	11.8608	1.18608
hsa-miR-4418	0	1161	58.97	20	123.753123358243	23.7216	1.18608
hsa-miR-4489-3p:Novel	0	947	36.93	10	98.501682579878	11.8608	1.18608
hsa-miR-4492-5p:Novel	0	1280	49.24	20	129.702362456118	23.7216	1.18608
hsa-miR-4504	0	491	28	5	61.8950725017751	5.9304	1.18608
hsa-miR-4505-3p:Novel	0	430	23.03	10	44.5357658333189	11.8608	1.18608
hsa-miR-4515	0	1458	32.73	5	114.656240724492	5.9304	1.18608
hsa-miR-4525-3p:Novel	0	3124	28.06	5	208.755861725239	5.9304	1.18608
hsa-miR-4533	0	310	16.16	5	34.747185724761	5.9304	1.18608
hsa-miR-4674	0	1470	90.06	40	145.387743677188	47.4432	1.18608
hsa-miR-4674-5p:Novel	0	376	30.25	15	46.0267708003647	17.7912	1.18608
hsa-miR-4675	0	1732	62.18	20	149.720867138919	23.7216	1.18608
hsa-miR-4684-3p	0	424	15.05	5	40.1694943809598	5.9304	1.18608
hsa-miR-4710-3p:Novel	0	676	27.39	5	77.0846957455794	5.9304	1.18608
hsa-miR-4725-3p	0	561	18.06	5	50.2728878514343	5.9304	1.18608
hsa-miR-4787-5p	0	244	23.63	10	35.3374444257189	11.8608	1.18608
hsa-miR-5091	0	854	33.66	15	69.9985385373559	17.7912	1.18608
hsa-miR-5100-5p:Novel	0	746	16.8	5	65.7835242747424	5.9304	1.18608
hsa-miR-5187-5p	0	1222	44.15	5	136.945555228845	5.9304	1.18608
hsa-miR-5191	0	333	21.18	10	32.1507135370008	11.8608	1.18608
hsa-miR-555	0	1859	34.07	10	128.78612484979	11.8608	1.18608
hsa-miR-6071	0	197	23.47	10	33.8328847291033	11.8608	1.18608
hsa-miR-612	0	919	21.54	5	71.5573637340912	5.9304	1.18608
hsa-miR-6132	0	834	24.56	10	62.2272444088754	11.8608	1.18608
hsa-miR-6165-3p:Novel	0	256	36.44	20	45.5315989006103	23.7216	1.18608
hsa-miR-632	0	4855	85.24	10	407.343824616635	11.8608	1.18608
hsa-miR-637	0	212	17.94	10	24.0217245726228	11.8608	1.18608
hsa-miR-647	0	280	19.79	10	33.3040635391038	11.8608	1.18608
hsa-miR-6743-3p	0	351	23.55	10	42.4012839041513	11.8608	1.18608
hsa-miR-6746-5p	0	1231	51.17	5	152.878883956177	5.9304	1.18608
hsa-miR-6763-5p	0	591	26.74	5	70.6240358506944	5.9304	1.18608
hsa-miR-6880-5p	0	297	21.36	10	33.5743791811294	11.8608	1.18608
hsa-miR-8074-5p:Novel	0	328	16.26	5	39.7930286172772	5.9304	1.18608
hsa-miR-8075	0	1128	38.85	10	103.666138492481	11.8608	1.18608
hsa-miR-8075-5p:Novel	0	1127	38.45	10	104.619624700286	11.8608	1.18608
hsa-miR-941	0	410	16.69	5	35.6927592792945	5.9304	1.18608
hsa-miR-1260b	0	643	68.18	31	103.609229992258	37.065	1.19564516129032
hsa-miR-6805-5p	0	979	74.3	31	126.10136464785	37.065	1.19564516129032
hsa-miR-12121	0	6731	197.87	57	636.242704976594	68.1996	1.19648421052632
hsa-miR-548i	0	4583	194.38	73	447.06909037667	87.4734	1.19826575342466
hsa-miR-12127	0	2479	87.04	21	245.845739154478	25.2042	1.2002
hsa-miR-21-5p	0	2741	128.48	42	283.563577659592	50.4084	1.2002
hsa-miR-4634	0	630	44.58	21	71.8129435439115	25.2042	1.2002
hsa-miR-6130	0	890	53.25	21	102.937115935924	25.2042	1.2002
hsa-miR-6131-5p:Novel	0	827	50.78	21	102.233965881129	25.2042	1.2002
hsa-miR-6838-5p	0	192	34.52	21	35.8236894369899	25.2042	1.2002
hsa-miR-7113-5p	0	3860	184.65	63	379.245480172365	75.6126	1.2002
hsa-miR-9901-3p:Novel	0	2296	99.94	42	196.161869721797	50.4084	1.2002
hsa-miR-1284	0	591	35.43	16	64.6190834310271	19.2738	1.2046125
hsa-miR-1291-3p:Novel	0	641	37.12	16	67.5605689696493	19.2738	1.2046125
hsa-miR-3621-3p:Novel	0	463	37.83	16	68.2410304862353	19.2738	1.2046125
hsa-miR-6068-3p:Novel	0	226	29.79	16	37.203001783723	19.2738	1.2046125
hsa-miR-6768-5p	0	438	41.44	16	68.3962676629399	19.2738	1.2046125
hsa-miR-6849-5p	0	1707	112.74	48	180.79306886655	57.8214	1.2046125
hsa-miR-3665-3p:Novel	0	1630	129.7	54	222.790362326022	65.2344	1.20804444444444
hsa-miR-550a-3p	0	1654	93.27	27	204.541227829258	32.6172	1.20804444444444
hsa-miR-7161-3p	0	764	53.66	27	83.0325604650398	32.6172	1.20804444444444
hsa-miR-1587-3p:Novel	0	263	20.48	11	27.4618952440495	13.3434	1.21303636363636
hsa-miR-3130-3p	0	364	23.25	11	42.0350614241254	13.3434	1.21303636363636
hsa-miR-3136-5p	0	1605	38.57	11	118.053012983577	13.3434	1.21303636363636
hsa-miR-3155b	0	396	24.78	11	43.8698307127611	13.3434	1.21303636363636
hsa-miR-3195-3p:Novel	0	130	16.78	11	20.3525389047599	13.3434	1.21303636363636
hsa-miR-320d	0	2694	47.05	11	196.419682636689	13.3434	1.21303636363636
hsa-miR-4259-5p:Novel	0	459	27.65	11	53.1950356459564	13.3434	1.21303636363636
hsa-miR-4277	0	297	26.76	11	44.3381411840022	13.3434	1.21303636363636
hsa-miR-4330	0	368	30.18	11	57.0846718502317	13.3434	1.21303636363636
hsa-miR-4497	0	217	21.03	11	28.9260941213784	13.3434	1.21303636363636
hsa-miR-4651-3p:Novel	0	248	21.62	11	32.6974614081373	13.3434	1.21303636363636
hsa-miR-4690-5p	0	656	24.53	11	51.9164642623762	13.3434	1.21303636363636
hsa-miR-4771-5p:Novel	0	1005	34.46	11	96.1368443649863	13.3434	1.21303636363636
hsa-miR-6077	0	178	21.79	11	29.2760858686516	13.3434	1.21303636363636
hsa-miR-654-5p	0	799	25.56	11	60.5863357916036	13.3434	1.21303636363636
hsa-miR-6829-5p	0	902	31.38	11	76.3685134371856	13.3434	1.21303636363636
hsa-miR-6895-3p	0	1468	34.61	11	107.567053542633	13.3434	1.21303636363636
hsa-miR-7108-5p	0	555	31.92	11	68.3016714417767	13.3434	1.21303636363636
hsa-miR-718	0	437	24.65	11	41.3479319016924	13.3434	1.21303636363636
hsa-miR-760	0	351	29.52	11	46.6140666283958	13.3434	1.21303636363636
hsa-miR-7844-3p:Novel	0	545	25.73	11	52.7355758243477	13.3434	1.21303636363636
hsa-miR-8053	0	431	28.01	11	52.3217401151606	13.3434	1.21303636363636
hsa-miR-8077	0	149	18.46	11	21.9717628263865	13.3434	1.21303636363636
hsa-miR-148a-3p	0	2234	63.52	17	198.04410123814	20.7564	1.22096470588235
hsa-miR-3195	0	316	31.52	17	45.761474921017	20.7564	1.22096470588235
hsa-miR-320d-1-5p:Novel	0	470	35.55	17	52.9111884729576	20.7564	1.22096470588235
hsa-miR-4281	0	405	40.63	17	64.1349015179618	20.7564	1.22096470588235
hsa-miR-7845-3p:Novel	0	427	34.98	17	51.862421312673	20.7564	1.22096470588235
hsa-miR-6777-5p	1	7694	504.2	229	870.555666084577	280.2114	1.22363056768559
hsa-miR-5189-3p	0	2143	87.74	23	209.454983943923	28.1694	1.22475652173913
hsa-miR-4326-5p:Novel	0	3517	86.54	29	253.136888310985	35.5824	1.22697931034483
hsa-miR-4488-3p:Novel	0	4783	195.22	70	472.811454716167	85.9908	1.22844
hsa-miR-1202-3p:Novel	0	2368	44.67	12	189.480045733691	14.826	1.2355
hsa-miR-1272-3p:Novel	0	992	29	12	74.7069849625209	14.826	1.2355
hsa-miR-1915-3p	0	176	15.84	6	27.0493741134423	7.413	1.2355
hsa-miR-202-3p	0	301	16.05	6	28.7287013076116	7.413	1.2355
hsa-miR-2114-5p	0	798	53.78	18	99.7460654061487	22.239	1.2355
hsa-miR-22-3p	0	468	18.45	6	44.7272277265604	7.413	1.2355
hsa-miR-2909-3p:Novel	0	334	17.32	6	33.5676657309594	7.413	1.2355
hsa-miR-3191-3p	0	1519	22.73	6	105.690350026844	7.413	1.2355
hsa-miR-320c	0	3746	59.15	12	262.785305041595	14.826	1.2355
hsa-miR-3680-3p	0	1343	25.12	6	102.615365506943	7.413	1.2355
hsa-miR-371a-3p	0	1991	45.85	12	150.417060180979	14.826	1.2355
hsa-miR-378a-3p	0	953	40.64	12	103.723557426704	14.826	1.2355
hsa-miR-379-5p	0	974	20.46	6	70.5821830818198	7.413	1.2355
hsa-miR-3911	0	860	16.58	6	60.9049901564582	7.413	1.2355
hsa-miR-4270-3p:Novel	0	267	15.98	6	33.8994412609376	7.413	1.2355
hsa-miR-4288	0	1749	34.75	6	136.361012387247	7.413	1.2355
hsa-miR-4296-3p:Novel	0	551	20.73	6	58.8757612367823	7.413	1.2355
hsa-miR-4493	0	488	20.84	6	50.1441510179231	7.413	1.2355
hsa-miR-4513	0	346	15.52	6	31.4302813691966	7.413	1.2355
hsa-miR-4685-5p	0	745	21.61	6	57.86531902422	7.413	1.2355
hsa-miR-4698	0	1331	59.24	24	124.26262755462	29.652	1.2355
hsa-miR-4758-5p	0	5362	130.26	18	536.025222282122	22.239	1.2355
hsa-miR-4784-3p:Novel	0	3235	32.91	6	216.380841494647	7.413	1.2355
hsa-miR-486-3p	0	1477	58.55	6	196.578729538349	7.413	1.2355
hsa-miR-521	0	233	17.19	6	32.0222383000494	7.413	1.2355
hsa-miR-548l-3p:Novel	0	460	15.41	6	43.4620547120452	7.413	1.2355
hsa-miR-5684	0	861	16.4	6	60.2273021078888	7.413	1.2355
hsa-miR-575	0	211	16.04	6	29.3790309644724	7.413	1.2355
hsa-miR-599-5p:Novel	0	220	17.62	6	33.3018304837904	7.413	1.2355
hsa-miR-6085	0	503	27.16	12	53.6721289394477	14.826	1.2355
hsa-miR-611	0	477	19.33	6	46.7999941814057	7.413	1.2355
hsa-miR-6125	0	2378	117.56	36	257.223415802522	44.478	1.2355
hsa-miR-6131	0	693	32.15	12	65.1017685577766	14.826	1.2355
hsa-miR-640-5p:Novel	0	196	15.13	6	26.9037346256291	7.413	1.2355
hsa-miR-6515-5p	0	438	23.6	6	56.883875958725	7.413	1.2355
hsa-miR-661	0	1050	17.5	6	70.4603779869568	7.413	1.2355
hsa-miR-663a	0	351	15.1	6	30.6952152775531	7.413	1.2355
hsa-miR-6749-5p	0	848	20.18	6	69.0075516047452	7.413	1.2355
hsa-miR-6788-3p	0	1503	87.24	30	175.675666297782	37.065	1.2355
hsa-miR-6826-5p	0	344	19.17	6	39.9092976000173	7.413	1.2355
hsa-miR-6846-5p	0	1421	46.41	6	147.737393214634	7.413	1.2355
hsa-miR-6889-5p	0	742	21.33	6	60.1244833048423	7.413	1.2355
hsa-miR-9899-5p:Novel	0	718	39.42	6	91.9107696288925	7.413	1.2355
hsa-miR-9903	0	1556	33.44	6	135.508039394588	7.413	1.2355
hsa-miR-192-5p	0	9735	257.7	62	850.060065237085	77.0952	1.24347096774194
hsa-miR-10401-5p	0	1972	124.65	38	243.180675892883	47.4432	1.24850526315789
hsa-miR-4309	0	467	43.89	19	70.9571360897138	23.7216	1.24850526315789
hsa-miR-4309-3p:Novel	0	2095	67.26	19	204.433837940329	23.7216	1.24850526315789
hsa-miR-6760-5p	0	1877	88.79	38	182.370847904642	47.4432	1.24850526315789
hsa-miR-6070-3p:Novel	0	10522	444.79	127	1060.23427411031	158.6382	1.24911968503937
hsa-miR-2278-3p:Novel	0	7137	228.2	71	586.002261523436	88.956	1.2529014084507
hsa-let-7b-5p	0	2707	66.94	13	267.416689885472	16.3086	1.25450769230769
hsa-miR-1469-3p:Novel	0	495	31.44	13	52.8039423411949	16.3086	1.25450769230769
hsa-miR-3176-5p:Novel	0	966	40.18	13	93.5700555637821	16.3086	1.25450769230769
hsa-miR-422a	0	1372	45.71	13	119.167481290034	16.3086	1.25450769230769
hsa-miR-4327-3p:Novel	0	386	30.39	13	49.0988287332866	16.3086	1.25450769230769
hsa-miR-4528-5p:Novel	0	3932	91.94	13	388.287721454379	16.3086	1.25450769230769
hsa-miR-550b-3p	0	1127	55.18	13	138.415090746838	16.3086	1.25450769230769
hsa-miR-636	0	853	55.38	26	89.6652482356309	32.6172	1.25450769230769
hsa-miR-8083-3p:Novel	0	215	24.44	13	32.189990120584	16.3086	1.25450769230769
hsa-miR-4466-3p:Novel	0	1119	90.86	33	145.6820108938	41.5128	1.25796363636364
hsa-miR-200b-3p	0	1056	55.82	20	130.114976164726	25.2042	1.26021
hsa-miR-1246-3p:Novel	2	30269	2103.34	781	3853.8949110027	984.4464	1.2604947503201
hsa-miR-1290-5p:Novel	0	1807	87.52	34	179.672068619803	42.9954	1.26457058823529
hsa-miR-10400-5p	0	1854	102.29	41	233.937433924057	51.891	1.26563414634146
hsa-miR-378h	0	2707	117.48	48	235.318750838258	60.7866	1.2663875
hsa-let-7a-5p	0	274	17.05	7	30.9964180832943	8.8956	1.2708
hsa-miR-12123	0	399	42.08	14	69.0782480310797	17.7912	1.2708
hsa-miR-124-3p	0	279	16.09	7	28.8014238225732	8.8956	1.2708
hsa-miR-1281-5p:Novel	0	24744	572.88	7	2356.60929883934	8.8956	1.2708
hsa-miR-1538	0	590	20.7	7	52.1297521824317	8.8956	1.2708
hsa-miR-182-3p	0	555	23.67	7	56.2812828835581	8.8956	1.2708
hsa-miR-1913	0	316	17.16	7	34.8336641364405	8.8956	1.2708
hsa-miR-200c-3p	0	1475	46.7	14	128.187621194934	17.7912	1.2708
hsa-miR-2110	0	5812	248.38	63	656.353632225602	80.0604	1.2708
hsa-miR-3154	0	4615	111.91	14	433.566331019278	17.7912	1.2708
hsa-miR-3164-3p:Novel	0	203	16.04	7	28.9409812913396	8.8956	1.2708
hsa-miR-3174-3p:Novel	0	247	17.71	7	29.9990053359847	8.8956	1.2708
hsa-miR-324-3p	0	5314	64.83	7	361.998863668959	8.8956	1.2708
hsa-miR-3689d-3p:Novel	0	910	41.22	14	92.1443394254125	17.7912	1.2708
hsa-miR-378c	0	862	24	7	74.0088531516844	8.8956	1.2708
hsa-miR-3920	0	451	46.17	21	67.8329951325442	26.6868	1.2708
hsa-miR-3936	0	485	24.81	7	54.6652702499149	8.8956	1.2708
hsa-miR-4522	0	574	19.34	7	54.0016974585075	8.8956	1.2708
hsa-miR-4537-3p:Novel	0	716	24.65	7	64.2824834573427	8.8956	1.2708
hsa-miR-4687-3p	0	1619	35.68	7	129.718868729817	8.8956	1.2708
hsa-miR-4725-5p	0	450	32.53	14	56.4936679616157	17.7912	1.2708
hsa-miR-4738-3p	0	242	19.48	7	32.6685393244844	8.8956	1.2708
hsa-miR-6070	0	313	17.77	7	37.9435540944875	8.8956	1.2708
hsa-miR-6133-5p:Novel	0	523	15.44	7	39.2987818870601	8.8956	1.2708
hsa-miR-631-3p:Novel	0	318	19.41	7	36.3174726609997	8.8956	1.2708
hsa-miR-639	0	665	30.48	14	57.957259721433	17.7912	1.2708
hsa-miR-650-3p:Novel	0	5098	47.04	7	342.844281106978	8.8956	1.2708
hsa-miR-663b-5p:Novel	0	382	15.68	7	33.5765015489639	8.8956	1.2708
hsa-miR-6741-5p	0	487	24.06	7	55.6550784155487	8.8956	1.2708
hsa-miR-6859-3p	0	379	18.14	7	36.3909759430455	8.8956	1.2708
hsa-miR-6871-3p	0	429	18.76	7	37.8899868376898	8.8956	1.2708
hsa-miR-7110-5p	0	425	16.38	7	41.1195043465877	8.8956	1.2708
hsa-miR-766-5p	0	707	27.54	7	75.7561839589437	8.8956	1.2708
hsa-miR-7847-3p	0	603	15.02	7	42.3728285645693	8.8956	1.2708
hsa-miR-8079-3p:Novel	0	1869	82.45	21	238.577788377292	26.6868	1.2708
hsa-miR-92a-1-5p	0	2501	55.02	7	228.112380910595	8.8956	1.2708
hsa-miR-6728-5p	0	6042	346.03	121	721.947980996594	154.1904	1.27430082644628
hsa-miR-551a	0	2767	162.87	57	308.456335543309	72.6474	1.27451578947368
hsa-miR-550a-3-5p	0	2237	108.18	22	279.150850528698	28.1694	1.28042727272727
hsa-miR-4326	0	1394	64.18	15	152.894041927179	19.2738	1.28492
hsa-miR-4534	0	1218	55.17	15	129.615553426659	19.2738	1.28492
hsa-miR-4700-5p	0	16398	181.96	30	1109.17111536351	38.5476	1.28492
hsa-miR-6757-5p	0	1668	88.21	31	190.329712731923	40.0302	1.29129677419355
hsa-miR-12117-3p:Novel	0	861	25.57	8	75.8868605137836	10.3782	1.297275
hsa-miR-1288-3p	0	210	18.49	8	29.0389321886158	10.3782	1.297275
hsa-miR-194-1-3p:Novel	0	1490	51.07	16	113.601878924038	20.7564	1.297275
hsa-miR-206-5p:Novel	0	986	32.15	8	95.2697563566049	10.3782	1.297275
hsa-miR-2113-5p:Novel	0	2474	38.7	8	172.55324723565	10.3782	1.297275
hsa-miR-338-3p	0	975	25.55	8	83.9706890780439	10.3782	1.297275
hsa-miR-3682-3p	0	234	17.26	8	28.8825676784845	10.3782	1.297275
hsa-miR-375-3p	0	1078	27.24	8	88.0712520313204	10.3782	1.297275
hsa-miR-4258	0	428	21.45	8	45.1484945716218	10.3782	1.297275
hsa-miR-4302-3p:Novel	0	528	23.37	8	54.2999537618659	10.3782	1.297275
hsa-miR-4527-3p:Novel	0	471	20.34	8	43.8918406224638	10.3782	1.297275
hsa-miR-4534-5p:Novel	0	531	24.72	8	60.072560461073	10.3782	1.297275
hsa-miR-5090-3p:Novel	0	801	27.5	8	74.4267821455931	10.3782	1.297275
hsa-miR-6090-5p:Novel	0	273	22.47	8	37.038311285558	10.3782	1.297275
hsa-miR-657	0	236	19.63	8	31.9609309933244	10.3782	1.297275
hsa-miR-658	0	280	17.15	8	26.8701409903043	10.3782	1.297275
hsa-miR-6793-5p	0	290	19.63	8	32.7526331543095	10.3782	1.297275
hsa-miR-6794-5p	0	300	17.34	8	30.982512600189	10.3782	1.297275
hsa-miR-6891-5p	0	688	20.44	8	51.6376361190488	10.3782	1.297275
hsa-miR-8076	0	196	15.76	8	24.7811577451892	10.3782	1.297275
hsa-miR-8085-3p:Novel	0	683	25.92	8	63.7114132931407	10.3782	1.297275
hsa-miR-885-3p	0	1522	39.74	8	130.249272771751	10.3782	1.297275
hsa-miR-940-5p:Novel	0	302	19.55	8	37.91470022456	10.3782	1.297275
hsa-miR-9500-3p:Novel	0	365	18.16	8	36.7946962810093	10.3782	1.297275
hsa-miR-300	0	2003	69.91	17	210.497689020628	22.239	1.30817647058824
hsa-miR-1306-3p	0	803	76.69	26	125.957774654859	34.0998	1.31153076923077
hsa-miR-645	0	58066	873.85	26	4887.52675644752	34.0998	1.31153076923077
hsa-miR-302c-5p	0	363	23.81	9	42.5025510904161	11.8608	1.31786666666667
hsa-miR-3185-3p:Novel	0	1393	45.8	9	156.751141437208	11.8608	1.31786666666667
hsa-miR-3196-3p:Novel	0	313	20.5	9	31.2004261221342	11.8608	1.31786666666667
hsa-miR-378j-3p:Novel	0	1397	35.22	9	112.82726034224	11.8608	1.31786666666667
hsa-miR-4443-3p:Novel	0	535	29.15	9	58.5185292872461	11.8608	1.31786666666667
hsa-miR-4672	0	289	22.3	9	41.0658935654137	11.8608	1.31786666666667
hsa-miR-4739	0	2433	52.6	9	184.988768063374	11.8608	1.31786666666667
hsa-miR-4802-3p	0	263	22.06	9	38.8561823664563	11.8608	1.31786666666667
hsa-miR-6076-3p:Novel	0	255	22.96	9	37.1801051509018	11.8608	1.31786666666667
hsa-miR-622	0	453	28.92	9	54.9000443849052	11.8608	1.31786666666667
hsa-miR-92a-3p	0	3026	93.26	18	283.064594721183	23.7216	1.31786666666667
hsa-miR-6773-5p	0	3030	133.56	55	251.275790815928	72.6474	1.32086181818182
hsa-miR-4276-3p:Novel	0	1288	48.94	19	112.375662300957	25.2042	1.32653684210526
hsa-miR-548aa, hsa-miR-548t-3p	0	1868	97.04	19	212.478452972655	25.2042	1.32653684210526
hsa-miR-3137-3p:Novel	0	1266	80.27	29	152.056965570315	38.5476	1.3292275862069
hsa-miR-6081	0	5583	254.86	89	510.003474997375	118.608	1.33267415730337
hsa-miR-1193-3p:Novel	0	500	25.26	10	52.4918938469445	13.3434	1.33434
hsa-miR-1257-3p:Novel	0	235	22.5	10	34.7323664592254	13.3434	1.33434
hsa-miR-2681-3p	0	1397	59.51	10	166.552780289521	13.3434	1.33434
hsa-miR-324-5p	0	6336	76.49	10	430.299986693205	13.3434	1.33434
hsa-miR-4506	0	813	30.58	10	71.5487215126601	13.3434	1.33434
hsa-miR-4767	0	324	26.33	10	42.3113232606741	13.3434	1.33434
hsa-miR-4800-3p	0	520	29.42	10	61.4473750043383	13.3434	1.33434
hsa-miR-6832-5p	0	351	27.13	10	53.6199966454172	13.3434	1.33434
hsa-miR-646	0	5490	136.71	31	433.203741456214	41.5128	1.33912258064516
hsa-miR-922	1	23810	672.32	119	1973.56915705104	160.1208	1.34555294117647
hsa-miR-4452	0	1136	45.3	11	125.409690166853	14.826	1.34781818181818
hsa-miR-5691-3p:Novel	0	849	35.75	11	81.6080323782276	14.826	1.34781818181818
hsa-miR-8074	0	3612	53.67	11	251.185149550572	14.826	1.34781818181818
hsa-miR-4739-3p:Novel	0	1622	89.86	23	195.607611336691	31.1346	1.35367826086957
hsa-miR-4713-3p	0	7198	283.68	93	629.018291281432	126.021	1.35506451612903
hsa-miR-12126-5p:Novel	0	7673	201.14	36	649.638598486027	48.9258	1.35905
hsa-miR-3156-3p	0	1640	53.69	12	145.133382896018	16.3086	1.35905
hsa-miR-1203	0	4347	277.93	66	589.909292266166	90.4386	1.37028181818182
hsa-miR-4254-5p:Novel	0	5979	211.45	28	691.923473701128	38.5476	1.3767
hsa-miR-378i	0	4314	179.9	45	435.201413584867	62.2692	1.38376
hsa-miR-3619-3p	0	22788	247.52	16	1528.77838897171	22.239	1.3899375
hsa-miR-617-3p:Novel	0	1130	53.28	16	112.393107588576	22.239	1.3899375
hsa-miR-548d-5p	0	1905	98.14	19	218.480531822082	26.6868	1.40456842105263
hsa-miR-6509-5p	0	474	46.4	19	71.9974819910608	26.6868	1.40456842105263
hsa-miR-10400-3p	0	3802	19.42	1	248.944258907922	1.4826	1.4826
hsa-miR-106b-5p	0	3559	50.44	4	245.568528847886	5.9304	1.4826
hsa-miR-10b-5p	0	338	16.44	4	40.0915626410069	5.9304	1.4826
hsa-miR-1204	0	1257	29.84	4	114.028539277324	5.9304	1.4826
hsa-miR-12114-3p:Novel	0	750	28.5	2	84.050688958156	2.9652	1.4826
hsa-miR-12118	0	662	21.94	4	64.3784618866529	5.9304	1.4826
hsa-miR-12119	0	260	17	7	29.0447039507413	10.3782	1.4826
hsa-miR-12119-3p:Novel	0	731	22.78	2	78.388246690305	2.9652	1.4826
hsa-miR-1281	0	4115	98.54	7	388.412085312586	10.3782	1.4826
hsa-miR-1283	0	792	20.44	4	70.3447590026131	5.9304	1.4826
hsa-miR-1286	0	891	35.37	5	102.099818362107	7.413	1.4826
hsa-miR-1292-5p	0	524	18.3	4	43.3497884498908	5.9304	1.4826
hsa-miR-1302-4-5p:Novel	0	483	16.39	2	52.5030063199793	2.9652	1.4826
hsa-miR-146b-3p	0	488	19.06	2	56.5150374663191	2.9652	1.4826
hsa-miR-1471-3p:Novel	0	553	19.45	5	60.2721477687275	7.413	1.4826
hsa-miR-1827	0	2490	21.93	3	165.592573615438	4.4478	1.4826
hsa-miR-23c	0	3703	110.31	12	400.76145062412	17.7912	1.4826
hsa-miR-3059-3p	0	912	19.11	2	78.5337703990369	2.9652	1.4826
hsa-miR-3145-3p	0	2453	19.7	1	164.685475695301	1.4826	1.4826
hsa-miR-3167-5p:Novel	0	5446	30.99	1	358.948764370688	1.4826	1.4826
hsa-miR-3168	0	1905	31.85	2	162.988625350017	2.9652	1.4826
hsa-miR-3605-5p	0	1033	26.45	3	100.69567879353	4.4478	1.4826
hsa-miR-3668	0	3837	51.9	3	278.880139944084	4.4478	1.4826
hsa-miR-378b-5p:Novel	0	489	15.79	1	52.7923181813517	1.4826	1.4826
hsa-miR-3920-5p:Novel	0	10068	147.45	1	844.731756486842	1.4826	1.4826
hsa-miR-3929-5p:Novel	0	2324	21.55	1	171.194582989449	1.4826	1.4826
hsa-miR-3972-5p:Novel	0	1336	35.41	5	115.109435675106	7.413	1.4826
hsa-miR-411-5p	0	8370	207.8	7	819.460685026246	10.3782	1.4826
hsa-miR-4260-3p:Novel	0	526	21.52	5	54.4569650990787	7.413	1.4826
hsa-miR-4270	0	1657	23.12	4	117.474550347217	5.9304	1.4826
hsa-miR-4271-5p:Novel	0	334	15.67	5	37.8976362678459	7.413	1.4826
hsa-miR-4280-3p:Novel	0	3282	35.21	3	226.414569319072	4.4478	1.4826
hsa-miR-429	0	541	18.87	2	62.4173984275334	2.9652	1.4826
hsa-miR-4305-3p:Novel	0	599	15.32	3	53.8442236621981	4.4478	1.4826
hsa-miR-4324-5p:Novel	0	700	22.06	4	71.775760564741	5.9304	1.4826
hsa-miR-4327	0	474	18.77	2	54.7641292183619	2.9652	1.4826
hsa-miR-4421	0	466	21.52	5	47.6600824757509	7.413	1.4826
hsa-miR-4447-5p:Novel	0	399	15.74	4	42.3672647988449	5.9304	1.4826
hsa-miR-4476-5p:Novel	0	3549	81.39	1	294.792515134677	1.4826	1.4826
hsa-miR-4519	0	1289	40.08	1	127.614645053322	1.4826	1.4826
hsa-miR-451a-3p:Novel	0	4712	57.13	1	411.199633417897	1.4826	1.4826
hsa-miR-451b-3p:Novel	0	4191	52.39	1	373.229228560607	1.4826	1.4826
hsa-miR-4530-5p:Novel	0	779	18.17	3	61.3700313336497	4.4478	1.4826
hsa-miR-4636-3p:Novel	0	1323	25.18	1	114.66288266584	1.4826	1.4826
hsa-miR-4645-3p	0	664	22.7	4	64.4389769646983	5.9304	1.4826
hsa-miR-4659b-5p	0	3826	77.32	4	331.046424092669	5.9304	1.4826
hsa-miR-4660-3p:Novel	0	527	17.69	3	51.4418717429482	4.4478	1.4826
hsa-miR-4664-3p	0	464	21.22	4	51.4030051973427	5.9304	1.4826
hsa-miR-4666a-5p	0	908	39.55	10	88.7944080835688	14.826	1.4826
hsa-miR-4667-5p	0	960	18.65	2	74.2016370184263	2.9652	1.4826
hsa-miR-4728-3p	0	638	17.27	4	57.6245840042552	5.9304	1.4826
hsa-miR-4741-5p:Novel	0	1022	16.12	4	71.981637840336	5.9304	1.4826
hsa-miR-4751-3p:Novel	0	373	15.08	3	38.9302786735786	4.4478	1.4826
hsa-miR-486-5p	0	1446	17.67	2	104.387193904688	2.9652	1.4826
hsa-miR-491-5p	0	595	17.34	2	62.981326412603	2.9652	1.4826
hsa-miR-507	0	728	15.21	2	62.2531425043342	2.9652	1.4826
hsa-miR-5092-5p:Novel	0	1237	23.79	3	97.7822896308838	4.4478	1.4826
hsa-miR-5190-5p:Novel	0	7409	61.6	4	529.716629179734	5.9304	1.4826
hsa-miR-5192-5p:Novel	0	1143	19.51	3	84.697489662143	4.4478	1.4826
hsa-miR-519a-5p, hsa-miR-519c-5p, hsa-miR-519b-5p, hsa-miR-523-5p, hsa-miR-518e-5p, hsa-miR-522-5p	0	378	22.2	5	46.2178835047733	7.413	1.4826
hsa-miR-548h-5p	0	1386	36.13	3	134.796688177799	4.4478	1.4826
hsa-miR-5694-3p:Novel	0	271	17.39	4	39.6690877773248	5.9304	1.4826
hsa-miR-5696-3p:Novel	0	2419	31.33	1	172.092291218285	1.4826	1.4826
hsa-miR-572-5p:Novel	0	646	24.84	3	76.1464617154944	4.4478	1.4826
hsa-miR-588-3p:Novel	0	341	15.34	5	32.198504207925	7.413	1.4826
hsa-miR-615-5p	0	2939	42.4	5	202.129312455363	7.413	1.4826
hsa-miR-633-5p:Novel	0	1500	41.4	3	141.625110399998	4.4478	1.4826
hsa-miR-639-5p:Novel	0	1026	26.97	3	97.5666846557452	4.4478	1.4826
hsa-miR-6516-5p	0	4021	27.88	1	271.0408309614	1.4826	1.4826
hsa-miR-6784-5p	0	962	23.63	4	80.6050999902785	5.9304	1.4826
hsa-miR-6791-5p	0	1504	28.37	3	141.414380357971	4.4478	1.4826
hsa-miR-6806-3p	0	857	25.6	3	88.1505833451351	4.4478	1.4826
hsa-miR-6811-5p	0	472	19.06	6	48.9208173902535	8.8956	1.4826
hsa-miR-6818-5p	0	298	21.12	3	49.2135842611821	4.4478	1.4826
hsa-miR-6846-3p	0	643	16.41	4	50.9171176628905	5.9304	1.4826
hsa-miR-6855-5p	0	573	19.93	3	72.5595997491816	4.4478	1.4826
hsa-miR-6861-5p	0	440	18.84	4	50.1055405284994	5.9304	1.4826
hsa-miR-6862-3p	0	841	15.32	3	61.3950905866476	4.4478	1.4826
hsa-miR-7158-3p	0	10542	113.95	1	788.839056893688	1.4826	1.4826
hsa-miR-769-3p	0	2452	54.47	3	237.272959252716	4.4478	1.4826
hsa-miR-7843-5p	0	1339	26.85	3	109.68569985509	4.4478	1.4826
hsa-miR-7852-3p	0	428	25.79	3	63.9930380907074	4.4478	1.4826
hsa-miR-7978-3p:Novel	0	787	17.54	4	59.3497764085548	5.9304	1.4826
hsa-miR-8071-5p:Novel	0	1367	37.63	1	149.352341125324	1.4826	1.4826
hsa-miR-8088-3p:Novel	0	775	16.71	3	65.2211805329676	4.4478	1.4826
hsa-miR-874-3p	0	609	19.55	6	50.1458081929601	8.8956	1.4826
hsa-miR-890-3p:Novel	0	1884	48.48	4	200.864104431369	5.9304	1.4826
hsa-miR-92a-2-5p	0	1183	30.84	3	113.98589224895	4.4478	1.4826
hsa-miR-939-5p	0	1723	21.2	3	121.576868660696	4.4478	1.4826
hsa-miR-942-3p	0	1267	29.65	3	115.519942322291	4.4478	1.4826
hsa-miR-9902	0	1338	17.88	3	94.4992563042698	4.4478	1.4826
hsa-miR-99b-3p	0	793	32.35	8	78.2497422500685	11.8608	1.4826
